L-CJB-01 0.999894 1812.448486 546.293945 1968.502441 642.084106
L-CJB-01 0.999007 1129.586914 562.447998 1319.837891 682.742554
L-CJB-02 0.999963 1033.423584 1252.219727 1138.999756 1354.997070
L-CJB-02 0.999934 816.074341 1222.099487 933.113892 1321.224487
L-CJB-03 0.260495 1559.594116 504.002441 1701.890503 682.081909
L-CJB-03 0.999917 839.131653 1354.809326 959.493835 1442.903320
L-CJB-03 0.999862 591.186035 1361.992554 727.814331 1452.202759
L-CJB-04 0.985679 1597.596558 437.482880 1745.448608 560.478271
L-CJB-04 0.999933 1339.119629 454.551392 1457.689453 558.431091
L-CJB-04 0.998035 999.643494 464.762115 1154.045898 581.055664
L-CJB-05 0.999972 910.786255 428.058929 1045.326904 586.804077
L-CJB-05 0.999972 1564.188232 430.362671 1704.434814 569.184143
L-CJB-05 0.999841 1250.150635 567.124451 1397.872803 705.688416
L-CJB-06 0.999961 657.681396 1453.466675 799.038086 1581.189819
L-CJB-06 0.998738 451.102051 1463.214600 553.405396 1580.520020
L-CJB-07 0.999930 1792.097656 548.170837 1912.032959 659.385925
L-CJB-07 0.996442 1498.329712 532.675964 1623.779907 680.882019
L-CJB-08 0.029476 2091.284668 1038.499023 2212.356934 1164.583008
L-CJB-17 0.999971 1433.665527 512.148376 1637.694580 629.883484
L-CJB-17 0.999387 1105.885132 517.605347 1248.462280 649.096924
L-CJB-18 0.999986 1311.279297 1395.810791 1421.939209 1518.249756
L-CJB-18 0.999145 1566.949463 1373.346191 1680.537598 1488.937500
L-CXP-01 0.999978 1180.178101 324.904572 1315.140747 454.909882
L-CXP-01 0.999977 1591.100830 337.203613 1722.087158 464.641052
L-CXP-02 0.999781 881.303162 1154.988647 994.761780 1256.052612
L-CXP-02 0.994778 1021.540833 1173.888306 1128.557861 1266.353638
L-CXP-03 0.999991 956.660767 1269.575562 1076.123291 1386.819946
L-CXP-03 0.999581 728.405823 1250.206299 838.736023 1377.167969
L-CXP-04 0.999918 1159.903687 387.510193 1306.213013 509.078857
L-CXP-04 0.998758 1631.042480 384.564911 1733.996338 491.279022
L-CXP-04 0.991532 1408.158569 386.599518 1548.361938 490.152802
L-CXP-05 0.999996 826.148254 323.179749 928.482483 431.328247
L-CXP-05 0.999912 1077.388428 377.940887 1192.510010 472.854523
L-CXP-05 0.999881 1353.438721 303.833923 1452.638916 397.849915
L-CXP-06 0.999487 813.084717 1258.593140 956.406494 1353.854858
L-CXP-06 0.999061 575.816589 1222.568848 691.675110 1330.623779
L-CXP-07 0.999809 1436.824097 350.383728 1577.389282 480.402283
L-CXP-07 0.999974 1735.201050 373.232849 1861.381470 493.813965
L-CXP-17 0.999850 1609.796021 388.058258 1748.876343 513.229980
L-CXP-17 0.999952 1344.967285 375.903137 1487.979004 503.574036
L-CXP-18 0.998855 1198.693848 1223.887817 1351.215820 1328.597534
L-CXP-18 0.999993 963.201294 1239.091919 1128.612671 1349.365845
L-CYQ-01 0.999990 1048.900146 492.416077 1245.225830 671.933533
L-CYQ-01 0.999996 1817.630981 453.919647 2033.684204 650.266968
L-CYQ-02 0.999149 671.289490 1190.296143 827.829407 1373.880859
L-CYQ-02 0.999702 771.662781 1184.415283 999.761780 1362.082031
L-CYQ-03 0.999976 1101.810547 1251.383179 1281.752441 1441.892456
L-CYQ-03 0.999702 779.829956 1271.626099 976.382080 1457.788452
L-CYQ-04 0.999733 1680.860352 415.248444 1975.557617 610.573730
L-CYQ-04 0.998266 1397.491211 413.541473 1563.203125 609.429443
L-CYQ-04 0.999969 1044.368530 492.101013 1212.267944 645.365051
L-CYQ-05 0.999993 909.097717 448.509613 1048.417114 594.846802
L-CYQ-05 0.999947 1289.250732 532.730896 1443.600342 685.543762
L-CYQ-05 0.999366 1647.608154 395.517395 1784.448975 550.100708
L-CYQ-06 0.999982 439.904816 1479.365234 613.645813 1655.052979
L-CYQ-06 0.999862 720.024719 1446.325806 920.343445 1620.774292
L-CYQ-07 1.000000 2053.968750 503.124298 2258.413086 670.178101
L-CYQ-07 0.999597 1722.504761 517.450562 1939.033325 683.547974
L-CYQ-17 1.000000 1287.729980 466.382202 1501.290771 642.807007
L-CYQ-17 0.999631 1047.405640 477.059601 1197.203491 636.404541
L-CYQ-18 0.999997 1461.368896 1467.133545 1661.129395 1651.250732
L-CYQ-18 0.999889 1931.277832 1452.331909 2113.317627 1637.100220
L-FMZ-01 0.999989 1032.859985 215.832153 1204.239380 394.474243
L-FMZ-01 0.999954 702.539612 249.776611 793.924988 385.308167
L-FMZ-02 0.999995 701.753662 756.153381 798.515991 864.413757
L-FMZ-02 0.999935 503.509918 738.344666 594.822754 827.987000
L-FMZ-03 0.999955 439.595184 706.802795 520.513367 786.408142
L-FMZ-03 0.999993 609.839844 701.760193 684.206787 784.421082
L-FMZ-04 0.999994 1229.282593 314.817413 1353.841431 407.921112
L-FMZ-04 0.999870 1075.382324 326.143250 1161.714844 406.510437
L-FMZ-04 0.998140 871.803345 306.846252 944.723877 389.382446
L-FMZ-05 0.999977 957.354675 296.453705 1033.592407 393.674835
L-FMZ-05 0.997414 756.534790 269.743042 817.199341 339.456421
L-FMZ-05 0.999994 1116.419922 244.608887 1216.717041 359.314758
L-FMZ-17 0.999998 1011.123291 268.041199 1109.459717 378.075134
L-FMZ-17 0.999992 854.052979 265.116882 940.123413 364.929260
L-FMZ-18 0.999986 995.862122 1058.137085 1105.612061 1169.357544
L-FMZ-18 0.999973 1290.689453 1051.026123 1440.584961 1167.012939
L-GJJ-01 0.013104 1739.157227 390.402374 1860.890625 466.050140
L-GJJ-02 0.999997 786.792480 1090.428955 931.561157 1253.820801
L-GJJ-02 0.999836 985.250000 1106.195801 1136.321533 1218.973389
L-GJJ-03 0.999999 933.140320 1048.433350 1091.790283 1208.662598
L-GJJ-03 0.999992 710.839539 1048.486328 865.152161 1211.281006
L-GJJ-04 0.999894 1116.150757 348.579376 1256.728638 476.889679
L-GJJ-04 0.999778 1340.861694 357.277008 1513.236206 461.415497
L-GJJ-04 0.997988 1573.798218 355.593903 1765.044556 460.452240
L-GJJ-05 0.999998 1566.967651 325.178589 1704.405884 469.109985
L-GJJ-05 0.999989 1025.085815 291.120941 1165.934692 423.800201
L-GJJ-05 0.999958 1278.936890 410.382751 1447.062134 550.888000
L-GJJ-06 0.999999 575.787476 1120.177124 742.404297 1265.950806
L-GJJ-06 0.999839 426.790283 1113.318604 557.758850 1258.116211
L-GJJ-07 0.999972 1604.156860 373.390564 1800.722046 506.828003
L-GJJ-07 0.999909 1373.292725 382.265198 1498.609131 522.748901
L-GJJ-17 0.999998 1302.748169 350.118195 1465.115112 475.398224
L-GJJ-17 0.999896 987.072632 371.056213 1126.829224 522.478638
L-GJJ-18 0.999994 1118.452515 1207.805908 1243.103149 1327.556885
L-GJJ-18 0.999973 1325.227539 1225.554443 1500.620117 1361.378418
L-GYC-01 0.999987 830.153748 374.984070 948.882263 497.723816
L-GYC-01 0.999342 1251.776855 336.256744 1372.736816 438.866058
L-GYC-02 0.999999 602.169189 1353.021851 881.229614 1539.584106
L-GYC-02 0.999988 969.702271 1328.912354 1186.143188 1496.498779
L-GYC-03 0.999994 673.157593 1192.876465 801.146606 1367.692139
L-GYC-03 0.999991 1038.509888 1216.138916 1185.833374 1339.848633
L-GYC-04 0.999951 1427.046265 475.997314 1577.927124 614.638916
L-GYC-04 0.999941 1050.050537 460.606384 1195.413330 633.749695
L-GYC-04 0.999934 1919.049072 408.230682 2116.234375 563.639893
L-GYC-05 0.999971 1158.301270 383.353394 1301.957764 507.731445
L-GYC-05 0.999957 860.979919 269.487976 980.486633 402.281982
L-GYC-05 0.999486 1552.882690 272.221649 1686.679810 406.761810
L-GYC-06 0.999980 484.948120 1256.705933 629.999268 1404.767456
L-GYC-06 0.999833 799.641479 1239.384888 967.785400 1352.144409
L-GYC-07 0.999967 1759.746216 397.587097 1904.298706 551.393127
L-GYC-07 0.999833 1057.415039 434.270325 1208.399414 590.840759
L-GYC-17 0.999997 963.892395 406.884735 1099.903198 563.812378
L-GYC-17 0.999878 1466.938721 397.107361 1606.099121 504.816284
L-GYC-18 0.999993 1184.604736 1601.990479 1345.927734 1728.715088
L-GYC-18 0.999942 1717.386719 1542.739990 1854.530762 1671.594238
L-GZZ-01 0.999979 903.507019 181.409271 996.044495 254.798798
L-GZZ-01 0.999903 673.577271 187.587540 746.127563 278.721405
L-GZZ-02 0.998906 687.080811 847.889587 750.816772 927.508850
L-GZZ-02 0.998608 409.566376 842.450500 461.471100 930.613464
L-GZZ-03 0.999999 353.721405 841.539368 438.177826 944.875671
L-GZZ-03 0.999996 600.878601 810.158203 710.324402 922.750977
L-GZZ-04 0.999489 1250.649902 298.619110 1340.781006 391.451691
L-GZZ-04 0.996747 1020.271545 299.112640 1093.444824 380.895233
L-GZZ-04 0.999542 757.069824 336.393677 839.760254 421.204041
L-GZZ-05 0.999996 939.651184 239.207291 1067.137207 350.476501
L-GZZ-05 0.999922 550.796265 290.066498 636.280029 372.617096
L-GZZ-05 0.999710 776.712341 276.635193 852.976868 385.862915
L-GZZ-17 0.999878 1047.037231 270.341888 1141.133667 352.027740
L-GZZ-17 0.996230 738.189697 290.468536 840.835449 372.364105
L-GZZ-18 0.999996 1320.607666 895.471069 1428.836670 999.530640
L-GZZ-18 0.999998 1042.465576 918.724854 1121.096924 1029.158936
L-HPY-01 0.999557 1645.786865 420.937073 1806.258789 525.541870
L-HPY-01 0.999715 1194.116699 405.493439 1349.548828 537.805176
L-HPY-02 0.999953 1079.456177 1028.504272 1190.745728 1111.605347
L-HPY-02 0.988805 750.871155 983.035645 831.221985 1084.926270
L-HPY-03 0.999990 977.025696 988.282043 1081.026611 1115.007690
L-HPY-03 0.999960 646.205688 1014.041382 758.697754 1143.983032
L-HPY-04 0.999976 1581.001953 300.156677 1729.416016 427.761597
L-HPY-04 0.999904 935.093689 422.211731 1038.043579 516.758728
L-HPY-04 0.993509 1388.901489 426.840424 1508.069946 528.930786
L-HPY-05 0.999899 940.423340 351.597626 1071.247314 472.613129
L-HPY-05 0.999116 1440.838013 263.915802 1581.502563 397.816742
L-HPY-05 0.999997 1232.160767 383.975220 1358.848999 532.692078
L-HPY-06 0.999978 750.020203 1079.865479 885.879089 1209.155762
L-HPY-06 0.998926 449.151520 1130.965698 590.210510 1232.530396
L-HPY-07 0.999997 1738.981812 340.580994 1867.415649 475.243225
L-HPY-07 0.999815 1241.680298 413.315430 1365.607544 543.723572
L-HPY-17 0.999997 1355.324951 308.744141 1470.563965 448.801819
L-HPY-17 0.999947 943.852173 375.335693 1079.000244 513.453064
L-HPY-18 0.999978 1186.800537 1079.685059 1302.819336 1194.956787
L-HPY-18 0.999973 1624.134399 1045.626587 1757.369995 1167.507202
L-HX-01 0.999833 1560.790405 244.302124 1710.899536 367.050354
L-HX-01 0.991751 1223.362671 243.107483 1321.425171 343.418152
L-HX-02 0.999866 1014.387268 776.301208 1195.366089 905.122009
L-HX-02 0.997390 1186.096069 798.489075 1310.842651 915.679749
L-HX-03 0.999921 792.239136 768.508057 935.686768 889.723145
L-HX-03 0.999431 1021.405273 792.870056 1134.242188 901.177429
L-HX-04 0.999994 1216.965210 327.360077 1368.112671 446.408356
L-HX-04 0.999988 704.748901 366.075378 826.640259 496.793152
L-HX-04 0.999998 1004.797546 353.474548 1119.816040 508.468628
L-HX-05 1.000000 904.323730 238.628723 1100.383423 399.407410
L-HX-05 1.000000 1508.851440 243.918106 1700.601196 403.279968
L-HX-05 0.999993 1240.712402 306.881744 1388.071533 454.271515
L-HX-06 0.999990 711.773254 1137.268311 836.962585 1272.650879
L-HX-06 0.999975 418.313049 1116.122437 565.930237 1249.684204
L-HX-07 0.999984 1891.922363 271.492126 2027.064941 424.404602
L-HX-07 0.999884 2124.846924 276.640503 2316.424561 450.410339
L-HX-17 0.999972 1057.804932 376.636353 1230.127197 494.413391
L-HX-17 0.998589 819.647278 385.805634 926.784851 501.187103
L-HX-18 0.999996 1763.398804 1227.854492 1905.836304 1386.696777
L-HX-18 0.998700 1385.943848 1225.487305 1494.060059 1337.417480
L-LBS-01 0.999996 1303.256714 355.916168 1462.253296 467.993317
L-LBS-01 0.999938 802.447754 367.800507 924.017212 498.365326
L-LBS-02 0.999966 333.668518 882.112366 449.890503 1000.810730
L-LBS-02 0.999947 629.202820 905.652954 747.347961 1003.440186
L-LBS-03 0.999751 630.782532 1199.816284 772.138123 1294.760864
L-LBS-03 0.998525 311.683167 1185.340698 453.918335 1292.294067
L-LBS-04 0.999995 554.499878 453.377991 693.570190 576.130798
L-LBS-04 0.999573 1015.101990 443.044250 1134.762085 568.124695
L-LBS-04 0.999999 1407.472656 391.555450 1557.285645 518.575195
L-LBS-05 0.999981 563.681274 490.868256 676.727905 597.697083
L-LBS-05 0.999952 869.633484 525.828186 982.443909 651.052063
L-LBS-05 0.999566 1107.084717 455.528351 1279.372803 592.958984
L-LBS-17 0.999998 1311.771851 460.244873 1419.712524 572.877686
L-LBS-17 0.999995 837.881470 491.220673 944.049927 617.634216
L-LBS-18 0.999802 676.330566 1684.981323 791.647095 1805.195435
L-LBS-18 0.990482 1144.144287 1681.690674 1257.367188 1826.395508
L-LOW-01 0.999994 1172.177490 364.443542 1313.249756 557.234558
L-LOW-01 0.999944 1584.923096 366.984680 1739.642822 522.190674
L-LOW-02 0.999932 556.979492 983.152527 715.306396 1169.748169
L-LOW-02 0.999881 831.563599 974.512146 961.530396 1190.383911
L-LOW-03 0.999964 846.810791 1213.302002 982.854614 1358.541992
L-LOW-03 0.999923 636.104431 1209.104370 757.516541 1360.264771
L-LOW-04 0.999993 1787.720703 426.294434 1953.424072 560.868713
L-LOW-04 0.999992 1476.476440 415.003967 1622.031860 564.617310
L-LOW-04 0.999992 1125.105347 386.234436 1254.527954 546.388367
L-LOW-05 1.000000 1430.170410 312.894867 1610.979980 478.558624
L-LOW-05 0.999988 1129.628540 430.442139 1264.076050 636.255005
L-LOW-05 0.999970 825.040955 377.224854 978.149597 523.555664
L-LOW-06 0.999999 712.634155 1241.652100 875.664795 1411.232178
L-LOW-06 0.999987 495.144409 1246.410889 662.538086 1443.844727
L-LOW-07 1.000000 1468.697998 415.924988 1679.331299 583.897461
L-LOW-07 0.999992 1147.132690 448.468964 1358.398315 650.020264
L-LOW-17 0.999989 1105.153564 390.770203 1280.581299 547.454407
L-LOW-17 0.999678 1348.983521 384.512054 1573.620972 547.323792
L-LOW-18 0.999999 1101.675781 1414.913818 1238.435059 1586.011719
L-LOW-18 0.999997 1433.945068 1413.380615 1571.071533 1600.596924
L-LYC-01 0.999981 1369.922729 298.251862 1482.581421 438.809052
L-LYC-01 0.999951 1079.649536 302.314423 1204.955933 438.268951
L-LYC-02 0.999901 1040.498047 907.649841 1161.954590 1001.983215
L-LYC-02 0.999262 873.962646 878.243591 990.569580 987.548889
L-LYC-03 0.999999 1001.079468 1106.177734 1124.175659 1224.650635
L-LYC-03 0.999997 759.522766 1108.604492 863.583557 1225.614502
L-LYC-04 0.999646 1352.247437 423.576019 1453.244019 554.950500
L-LYC-04 0.998759 1063.560669 415.916656 1170.852905 532.924500
L-LYC-04 0.998712 1500.352661 417.647644 1653.898560 541.559631
L-LYC-05 0.999949 1326.352173 255.146133 1488.802124 400.429016
L-LYC-05 0.999916 1075.199097 345.088928 1176.764038 503.291931
L-LYC-05 0.999857 817.282898 274.672852 954.280457 434.776367
L-LYC-06 0.999993 707.620911 1153.507446 838.168030 1265.774048
L-LYC-06 0.997663 477.883698 1162.162964 592.694458 1276.481079
L-LYC-07 0.999836 1654.224854 359.142029 1760.085938 505.710510
L-LYC-07 0.998831 2140.673096 326.272095 2268.073486 450.811829
L-LYC-17 0.999996 926.612366 358.599182 1037.465942 483.618103
L-LYC-17 0.999778 1180.013062 346.238281 1302.691772 475.074097
L-LYC-18 0.999994 1450.967529 1370.891846 1559.730713 1508.332520
L-LYC-18 0.999972 1713.414185 1385.704712 1841.289673 1513.273071
L-LYL-01 0.999965 1795.747314 509.392944 2005.461182 642.871338
L-LYL-01 0.999985 1277.510376 545.039429 1457.354858 700.560669
L-LYL-02 0.999643 606.558899 1403.387817 768.808777 1587.431274
L-LYL-02 1.000000 1000.764221 1464.721802 1274.568970 1678.428345
L-LYL-03 0.999999 1069.583252 1239.012451 1257.965332 1403.554932
L-LYL-03 0.999999 580.724854 1267.856201 760.158325 1460.143311
L-LYL-04 0.999852 763.908997 434.505829 884.657654 560.851196
L-LYL-04 0.999693 1193.495972 438.339935 1363.109253 573.117737
L-LYL-04 0.999279 1476.816895 379.647217 1707.453857 571.781555
L-LYL-05 1.000000 1426.151855 346.543335 1633.185303 485.065369
L-LYL-05 0.999989 762.220764 384.703369 893.489929 523.907227
L-LYL-05 0.999978 1067.339722 428.361481 1222.386597 596.180969
L-LYL-06 0.999222 417.862518 1357.491699 583.214111 1501.352051
L-LYL-06 0.996119 707.840759 1310.509521 937.824280 1445.395752
L-LYL-07 0.999997 1840.716064 349.957916 2034.246582 484.147675
L-LYL-07 1.000000 1302.344604 432.666016 1469.966431 577.920288
L-LYL-17 0.999990 1618.323486 350.746552 1801.646240 512.033081
L-LYL-17 0.999985 1068.684570 441.565430 1229.422363 620.015869
L-LYL-18 0.999996 1412.997681 1216.487061 1561.628784 1375.622314
L-LYL-18 0.999992 1843.549316 1195.128418 2007.674316 1353.564697
L-MJN-01 0.999998 903.194336 281.485596 1014.553833 386.905029
L-MJN-01 0.999862 1161.415527 255.930786 1283.336426 345.032104
L-MJN-02 0.999968 912.790405 904.244446 1051.016479 1015.839294
L-MJN-02 0.999933 724.383423 917.751160 841.680786 1027.284668
L-MJN-03 0.999998 928.978638 1298.292725 1130.393433 1451.728027
L-MJN-03 0.999993 705.693848 1295.925049 868.321045 1451.622803
L-MJN-04 0.999992 1020.994141 430.652100 1160.784912 561.861938
L-MJN-04 0.999947 1387.586548 478.216980 1526.085083 599.845642
L-MJN-04 0.998104 1664.287476 425.823151 1791.086304 526.274048
L-MJN-05 0.999947 885.706055 442.704407 1044.239990 602.100891
L-MJN-05 0.999680 1553.702637 404.642975 1692.165527 562.183899
L-MJN-05 0.999312 1267.680420 452.287415 1399.711426 594.818420
L-MJN-06 0.999994 713.324585 1544.775635 878.046387 1666.972656
L-MJN-06 0.999950 396.515137 1580.474731 546.813232 1702.853638
L-MJN-07 0.999317 1235.691040 521.335999 1354.557251 648.678894
L-MJN-07 0.998704 1766.767090 499.271454 1906.575928 614.474548
L-MJN-17 0.999549 1218.135620 456.895081 1354.055786 596.666565
L-MJN-17 0.999485 1817.962158 418.229675 1986.944580 552.826843
L-MJN-18 0.999987 1291.493774 1440.137817 1468.956177 1563.935669
L-MJN-18 0.999959 1728.552002 1462.124878 1915.162842 1578.531860
L-MXR-01 0.999988 1274.175659 328.171875 1422.055786 404.569397
L-MXR-01 0.999943 932.299683 360.946259 1063.989746 457.749847
L-MXR-02 0.999989 851.900574 894.093872 1007.694397 1003.620972
L-MXR-02 0.999762 574.635742 872.684021 694.435181 981.113831
L-MXR-03 0.999997 858.806580 1162.638428 1011.607239 1281.629150
L-MXR-03 0.999972 550.621460 1141.648071 689.252563 1269.750366
L-MXR-04 0.999997 1317.957397 488.566254 1483.913940 637.510437
L-MXR-04 0.999991 1659.539185 390.036621 1885.765015 573.366028
L-MXR-04 0.999957 858.529907 456.083496 1013.108032 596.760620
L-MXR-05 0.999999 1235.967773 470.957886 1423.101318 633.571045
L-MXR-05 0.999981 615.614014 525.358826 784.230225 702.067932
L-MXR-05 0.999941 935.664490 565.509155 1119.045532 756.442017
L-MXR-06 0.999918 785.570557 1311.487305 964.830322 1424.755859
L-MXR-06 0.999825 477.753174 1275.889282 663.285889 1412.452271
L-MXR-07 0.999999 1438.127441 460.010590 1656.430420 608.817871
L-MXR-07 0.999968 1080.118042 464.173401 1251.796265 631.764221
L-MXR-17 0.999928 932.519897 333.272827 1062.505615 473.107788
L-MXR-17 0.999766 1199.048950 303.554230 1407.163940 488.184540
L-MXR-18 1.000000 989.499268 1331.550659 1171.210449 1486.215698
L-MXR-18 0.999996 1423.770264 1372.496216 1630.927979 1523.156860
L-MYC-01 0.999680 1363.363159 293.530548 1492.311646 409.421356
L-MYC-01 0.999115 974.383179 289.936646 1110.666138 413.954956
L-MYC-02 0.999997 559.256592 971.710266 715.091309 1115.111694
L-MYC-02 0.999999 861.602905 1005.591125 1050.017456 1130.463989
L-MYC-03 0.999933 593.098572 1054.017090 704.824280 1162.308105
L-MYC-03 0.999807 875.005127 1079.547607 1002.302490 1200.947510
L-MYC-04 0.999944 1320.354980 400.706329 1485.684082 521.480469
L-MYC-04 0.999406 1519.531372 330.843750 1654.997681 457.923950
L-MYC-04 0.977161 905.204590 406.760040 1049.807495 524.131348
L-MYC-05 0.999999 633.033569 392.463562 772.684937 503.778870
L-MYC-05 0.999997 1156.226318 339.466370 1293.698486 482.968872
L-MYC-05 0.999906 899.016968 400.647125 1028.052368 533.142944
L-MYC-06 0.999998 444.011597 1268.906738 617.952515 1391.982178
L-MYC-06 0.999989 744.896851 1246.258911 906.180664 1344.485718
L-MYC-07 0.999999 1848.966797 361.352997 2020.836670 502.270355
L-MYC-07 0.999977 1490.573364 351.080658 1652.421021 475.739105
L-MYC-17 1.000000 1337.075073 402.008301 1542.732788 555.168945
L-MYC-17 0.999990 910.970398 429.189636 1078.047852 595.846985
L-MYC-18 0.999999 1112.504639 1239.263916 1271.216064 1376.762451
L-MYC-18 0.999705 1421.446289 1247.517944 1633.718750 1362.719360
L-RYP-01 0.999988 1739.602905 430.462219 1981.245972 639.158142
L-RYP-01 0.999501 1290.424561 459.390381 1466.772461 647.291504
L-RYP-02 0.999988 752.716736 1943.721558 1003.970764 2226.884766
L-RYP-02 0.999967 1227.528320 1963.706055 1475.822021 2167.960449
L-RYP-03 0.999997 556.883911 1977.711182 770.907227 2256.061768
L-RYP-03 0.999986 967.618225 1954.454346 1210.307617 2264.317627
L-RYP-04 0.999992 1098.102295 533.450073 1371.636230 810.409180
L-RYP-04 0.999687 1656.754761 554.149475 1827.981323 878.441345
L-RYP-04 0.995825 1937.033569 515.726318 2319.521484 886.107544
L-RYP-05 0.999992 1932.012939 659.546387 2235.673584 1101.866821
L-RYP-05 0.999958 1437.572998 810.029663 1699.942871 1166.068970
L-RYP-05 0.998493 952.301270 763.063599 1238.632080 1059.732788
L-RYP-06 0.999829 864.813416 2099.448975 1208.007935 2461.368896
L-RYP-06 0.998930 347.409668 2105.075195 647.406433 2460.202148
L-RYP-07 0.999999 1457.321533 830.152710 1810.622803 1145.234985
L-RYP-07 0.999991 2263.222412 824.141418 2560.887451 1093.862183
L-RYP-17 0.999991 1122.752075 745.240234 1421.258423 1004.397217
L-RYP-17 0.998670 1923.777954 626.294373 2155.464600 930.753357
L-RYP-18 0.995925 1101.994873 2000.316162 1390.626465 2352.287354
L-RYP-18 0.877568 1739.564453 1986.986938 2084.161133 2379.163574
L-WJY-01 0.999988 2646.037354 743.759949 2916.817627 1115.365479
L-WJY-01 0.999785 1579.957397 752.999084 1883.537964 1068.303589
L-WJY-02 0.999999 1189.553589 1340.471558 1446.552856 1557.188354
L-WJY-02 0.999997 805.224487 1326.618530 1022.248291 1568.416626
L-WJY-03 0.999998 1252.374634 1780.571533 1484.012817 2103.168457
L-WJY-03 0.999948 760.547607 1771.575195 1016.023193 2010.430420
L-WJY-04 0.999890 1464.950195 832.307800 1690.673096 1048.799561
L-WJY-04 0.999907 2172.682373 799.707764 2382.049072 1013.019531
L-WJY-04 0.999985 2841.466553 628.104858 3076.441162 900.127686
L-WJY-05 0.999992 1131.721558 560.725952 1328.143921 759.692993
L-WJY-05 0.999989 2285.022949 488.021881 2539.641602 736.316528
L-WJY-05 0.999947 1743.312500 721.128967 2032.241699 877.002869
L-WJY-06 0.999906 918.860046 1840.616333 1123.461548 2061.379395
L-WJY-06 0.997824 515.985107 1912.432739 742.736572 2102.594971
L-WJY-07 0.999997 1665.879272 613.528748 1848.694702 817.262390
L-WJY-07 0.999990 2302.382080 590.506958 2532.397705 804.103149
L-WJY-17 0.999985 1177.496704 697.930969 1433.336792 923.309387
L-WJY-17 0.999974 1842.482910 622.390442 2042.208008 824.611633
L-WJY-18 0.999859 1960.707764 2008.379150 2178.445557 2218.335693
L-WJY-18 0.998618 2522.106689 1968.555420 2715.965576 2201.767822
L-WXL-01 0.999994 996.866333 336.193512 1113.945435 457.515228
L-WXL-01 0.999995 714.885376 349.839050 857.583984 491.823730
L-WXL-02 1.000000 598.572144 811.224670 751.237915 935.568542
L-WXL-02 0.999991 817.086792 821.193054 1012.274658 943.456604
L-WXL-03 0.999986 775.876099 1048.570435 898.258423 1152.898315
L-WXL-03 0.999930 567.751038 1052.267090 690.197083 1158.182129
L-WXL-04 0.999930 1184.395142 482.006561 1338.391968 598.735168
L-WXL-04 0.999876 960.843323 470.726013 1092.132080 592.324402
L-WXL-04 0.999025 1349.619629 436.385101 1488.983643 548.702576
L-WXL-05 0.999994 1098.786499 380.977905 1254.156372 512.569641
L-WXL-05 0.999983 1313.401245 356.783051 1446.853394 485.107452
L-WXL-05 1.000000 833.656799 379.205933 991.670227 500.688843
L-WXL-06 0.999968 772.348328 1135.653198 968.239807 1281.670776
L-WXL-06 0.999916 563.099854 1141.260742 691.936035 1269.916260
L-WXL-07 0.999996 1296.647461 418.873596 1473.645020 599.990479
L-WXL-07 0.999967 1554.675171 406.547333 1809.397583 612.419189
L-WXL-17 0.999996 1205.189453 350.425232 1387.121338 500.941833
L-WXL-17 0.999991 1440.734741 342.692047 1604.638306 483.558319
L-WXL-18 0.999993 1189.058594 1111.356812 1344.957031 1264.317749
L-WXL-18 0.999945 987.768799 1111.695435 1111.431152 1269.168579
L-WZ-01 0.996220 1122.820557 311.607483 1214.257568 386.194824
L-WZ-01 0.999725 1393.580933 292.329498 1490.583374 381.161041
L-WZ-02 0.999960 581.249573 793.625671 678.003357 877.985291
L-WZ-02 0.999909 747.148254 786.295227 853.035217 877.276917
L-WZ-03 0.999978 938.079651 935.067871 1059.250366 1054.989746
L-WZ-03 0.999919 668.203247 951.960205 793.250366 1075.571167
L-WZ-04 0.999945 1315.778442 427.278320 1421.564087 518.945740
L-WZ-04 0.992738 1866.774170 355.997864 1993.704346 471.077759
L-WZ-04 0.985496 1565.302002 414.989899 1680.196045 506.685455
L-WZ-05 0.999988 1259.844116 342.089264 1373.719849 444.900726
L-WZ-05 0.999882 1001.221313 389.133026 1134.717163 487.408295
L-WZ-05 0.999558 831.587158 367.837372 944.685181 470.188751
L-WZ-06 0.999851 943.785156 1044.447144 1064.925903 1160.400513
L-WZ-06 0.999330 785.990356 1044.051392 918.044067 1138.093872
L-WZ-07 0.999944 1176.866699 335.364014 1288.866455 441.866638
L-WZ-07 0.999922 1442.807251 307.359741 1568.599976 408.943665
L-WZ-17 0.997802 921.473083 307.320160 1036.431030 415.572052
L-WZ-17 0.997130 1315.443481 255.196991 1434.854370 380.235016
L-WZ-18 0.999937 1342.142334 1048.455322 1456.370361 1129.537354
L-WZ-18 0.999308 1017.557617 1046.504150 1128.536133 1148.887695
L-WZ1-01 0.999994 1252.218018 294.027313 1394.506104 448.976593
L-WZ1-01 0.999996 929.282043 331.069336 1072.701904 478.311035
L-WZ1-02 0.999991 648.752014 858.131836 751.512268 1028.629761
L-WZ1-02 0.999321 423.566406 847.846497 559.339783 1043.690186
L-WZ1-03 0.999983 682.124634 1264.612183 807.449097 1388.658569
L-WZ1-03 0.999909 496.720367 1267.157227 609.542480 1404.938721
L-WZ1-04 0.999962 846.107483 428.921906 962.247375 580.709656
L-WZ1-04 0.998045 1494.230103 300.038330 1775.525513 536.698242
L-WZ1-04 0.967520 1262.640869 347.595734 1464.352051 596.337708
L-WZ1-05 0.999976 699.027771 375.856903 812.700378 544.239258
L-WZ1-05 0.999763 1180.682495 375.406738 1574.324097 636.984680
L-WZ1-05 0.999629 935.842468 456.316589 1075.552002 646.868958
L-WZ1-06 0.999969 381.567719 1070.935669 495.823334 1215.619995
L-WZ1-06 0.999875 608.031738 1074.372314 820.083008 1256.272461
L-WZ1-07 0.999849 788.163025 502.782379 907.475403 652.472778
L-WZ1-07 0.999828 1148.191772 467.045471 1335.029175 622.353577
L-WZ1-17 0.999992 830.518677 447.223572 975.363159 602.509827
L-WZ1-17 0.999938 1203.028809 356.595581 1356.015869 535.891418
L-WZ1-18 0.999960 1107.992676 1171.552734 1250.456787 1299.571289
L-WZ1-18 0.999930 1452.275757 1153.427979 1604.558960 1317.135986
L-XTQ-01 0.999933 874.196655 252.467377 965.124390 349.885284
L-XTQ-01 0.999854 1231.945068 269.512085 1377.657715 364.075195
L-XTQ-02 0.999955 409.948364 875.053284 517.145081 989.994812
L-XTQ-02 0.999988 689.677734 875.724060 825.750854 966.711365
L-XTQ-03 0.999998 591.008728 881.982849 720.374573 997.198059
L-XTQ-03 0.999701 482.423065 876.946106 575.747559 981.432556
L-XTQ-04 0.999995 1782.059448 321.911774 1961.309448 477.932648
L-XTQ-04 0.999946 1146.075439 334.537384 1284.462891 474.793060
L-XTQ-04 0.999824 1435.371582 370.931580 1640.561523 520.961365
L-XTQ-05 0.999996 1323.878540 398.601990 1498.179810 537.314514
L-XTQ-05 0.999990 1692.703369 296.535858 1888.342285 478.129059
L-XTQ-05 0.999986 963.608154 317.586029 1135.598389 482.567963
L-XTQ-06 0.999976 707.152649 1177.286621 907.458679 1327.298828
L-XTQ-06 0.999863 413.439453 1192.009888 659.735107 1350.776001
L-XTQ-07 0.999990 1633.655518 411.771210 1826.758057 542.343750
L-XTQ-07 0.999975 1239.821533 424.245087 1431.168945 564.149536
L-XTQ-17 0.999997 1652.469116 411.237549 1837.084351 549.957825
L-XTQ-17 0.999999 1113.504639 442.009003 1320.708252 627.006226
L-XTQ-18 1.000000 1427.904907 1212.137573 1612.245972 1330.053101
L-XTQ-18 0.999999 1055.151978 1192.028931 1241.778442 1320.463745
L-ZJY-01 0.999983 1042.140625 277.610718 1145.345703 375.091492
L-ZJY-01 0.999837 1442.012695 286.577667 1558.885498 378.815277
L-ZJY-02 0.999983 926.287231 780.876587 1052.741699 893.104980
L-ZJY-02 0.999966 688.137817 750.614563 794.610107 876.296570
L-ZJY-03 0.999859 1246.758545 959.186768 1399.597168 1089.094116
L-ZJY-03 0.999437 893.439209 933.097046 1028.327026 1094.753784
L-ZJY-04 0.999994 1647.873779 315.895386 1780.295898 458.794617
L-ZJY-04 0.999062 1352.661743 372.933685 1466.179810 468.432892
L-ZJY-04 0.998022 1019.718506 346.809143 1114.592041 474.004028
L-ZJY-05 0.999997 1816.496460 423.056427 1990.589478 608.781128
L-ZJY-05 0.999989 956.039307 439.453796 1104.609375 594.640686
L-ZJY-05 0.999714 1383.382202 529.906128 1547.286011 668.511353
L-ZJY-06 0.999809 804.662720 1241.854858 969.688232 1381.336304
L-ZJY-06 0.999339 504.143768 1234.142578 641.756042 1365.654297
L-ZJY-07 0.999975 1618.645996 382.663635 1831.641113 493.376587
L-ZJY-07 0.999911 2020.978394 396.467529 2230.601318 498.813904
L-ZJY-17 0.999955 1759.526245 434.210999 1885.627319 552.317017
L-ZJY-17 0.999910 1258.299561 398.137207 1389.423828 527.218872
L-ZJY-18 0.999997 1555.379150 1362.737549 1740.544189 1482.626953
L-ZJY-18 0.999967 1275.375488 1338.579834 1437.307373 1476.467041
L-ZLS-01 0.999954 937.425964 309.251099 1019.739929 400.940674
L-ZLS-01 0.999494 1252.770264 325.134674 1359.567139 397.366791
L-ZLS-02 0.999999 663.194214 1189.272705 801.473877 1292.267334
L-ZLS-02 0.999609 487.735657 1190.735840 596.964905 1290.506836
L-ZLS-03 0.999899 648.038940 1086.731201 809.173096 1175.107178
L-ZLS-03 0.998041 428.480774 1094.599976 515.880798 1186.257935
L-ZLS-04 0.997555 908.946777 390.013397 985.098389 500.843170
L-ZLS-04 0.999902 1407.530762 391.969666 1527.650391 496.326355
L-ZLS-04 0.999977 1166.848755 377.727112 1279.972778 485.461853
L-ZLS-05 0.999998 925.379700 397.354279 1088.794067 531.440979
L-ZLS-05 0.999799 1149.197144 375.463440 1258.435425 483.790955
L-ZLS-05 0.998990 705.517395 375.001526 814.156555 495.470886
L-ZLS-17 0.999925 828.223999 348.609924 946.179932 489.247986
L-ZLS-17 0.999351 1215.979370 330.516205 1344.254028 434.124847
L-ZLS-18 0.999999 1179.477417 1281.577881 1320.860962 1401.254395
L-ZLS-18 0.999871 842.871643 1291.255615 950.963074 1429.611084
L-ZRY-01 0.999817 1402.128174 421.652069 1553.541748 584.199951
L-ZRY-01 0.997905 935.201782 387.260132 1048.358887 529.029907
L-ZRY-02 0.999943 489.073853 1167.278442 624.988647 1315.272583
L-ZRY-02 0.999992 875.143066 1151.533569 1042.552246 1272.542114
L-ZRY-03 0.999978 527.847473 926.304077 687.226257 1051.986084
L-ZRY-03 0.999955 835.454224 937.711182 1010.017456 1047.850830
L-ZRY-04 0.999979 1893.356567 374.498657 2033.593872 513.945312
L-ZRY-04 0.999846 1476.452515 377.947784 1599.168579 497.120270
L-ZRY-04 0.995731 1046.267456 369.310547 1155.288208 503.385315
L-ZRY-05 0.999999 1310.233154 382.352997 1454.013672 523.603638
L-ZRY-05 0.999997 975.119995 529.562561 1148.589233 675.604797
L-ZRY-05 0.999963 699.491272 397.681885 810.972107 530.375671
L-ZRY-06 0.999777 472.028137 1072.702515 605.408752 1182.135620
L-ZRY-06 0.999331 791.536316 1095.936035 917.340515 1184.105713
L-ZRY-07 0.999996 1408.308228 506.837402 1554.226685 617.396851
L-ZRY-07 0.997930 1024.586670 480.285950 1151.752441 633.030457
L-ZRY-17 0.999959 837.124390 407.636780 945.919556 506.931641
L-ZRY-17 0.999734 1213.030029 413.460327 1313.834961 519.713318
L-ZRY-18 0.999990 1294.866455 1239.321289 1449.229248 1359.145996
L-ZRY-18 0.999913 855.377808 1234.923584 1006.176758 1349.030273
L-ZTQ-01 0.999997 1032.781616 282.451172 1228.566528 460.315735
L-ZTQ-01 0.999996 1514.278687 266.184692 1786.162231 522.054382
L-ZTQ-02 0.999916 1013.680847 1347.104614 1237.421631 1596.008911
L-ZTQ-02 0.999478 631.175903 1320.688843 854.026245 1595.193726
L-ZTQ-03 0.999996 960.556824 1325.578247 1162.100708 1544.043579
L-ZTQ-03 0.999719 597.593079 1369.726196 774.080017 1585.765015
L-ZTQ-04 0.999951 1041.917236 498.896729 1246.566406 739.470581
L-ZTQ-04 0.998553 1747.958740 423.812988 1998.993164 678.237061
L-ZTQ-04 0.996434 1492.488770 443.868896 1663.368408 721.082275
L-ZTQ-05 0.999964 1139.992676 338.161285 1317.040283 619.928955
L-ZTQ-05 0.999934 782.444580 330.647552 1039.829224 533.725098
L-ZTQ-05 0.994495 1254.916992 299.360657 1543.369629 601.946106
L-ZTQ-06 0.999935 658.730652 1723.715820 847.534729 2000.614502
L-ZTQ-06 0.999863 342.229370 1740.739136 520.194275 1949.607544
L-ZTQ-07 0.999929 1177.177979 397.390625 1366.740967 627.029358
L-ZTQ-07 0.999914 1581.973877 380.715881 1820.096191 699.268616
L-ZTQ-09 0.006963 2169.996338 558.184326 2286.594971 683.538330
L-ZTQ-17 0.999981 1166.357178 345.753326 1384.333008 595.137817
L-ZTQ-17 0.984541 1507.724365 325.214172 1808.921143 621.499756
L-ZTQ-18 0.999999 1453.869019 1594.621948 1678.718140 1831.917114
L-ZTQ-18 0.999928 1036.716431 1577.523315 1236.084595 1814.421753
L-ZYL-01 0.999995 1481.647827 329.302216 1623.842163 468.502228
L-ZYL-01 0.999992 1203.966064 361.093994 1355.224609 495.797729
L-ZYL-02 0.999985 909.669739 973.713440 1044.484009 1100.494019
L-ZYL-02 0.999578 615.225098 965.072815 746.235840 1101.648438
L-ZYL-03 0.999988 640.333313 1043.235107 770.691101 1189.395264
L-ZYL-03 0.999338 873.432495 1041.102051 1015.096924 1164.347900
L-ZYL-04 0.966556 1166.068726 380.962311 1307.761597 520.063110
L-ZYL-04 0.999978 1585.714478 370.067993 1709.989868 493.179932
L-ZYL-04 0.999634 1393.092529 412.887634 1536.008545 499.526917
L-ZYL-05 1.000000 809.931763 351.731140 981.758179 515.834229
L-ZYL-05 0.999999 1362.441528 341.678528 1502.168823 489.682800
L-ZYL-05 0.999993 1125.025513 413.981750 1261.884399 533.567566
L-ZYL-06 0.999992 777.273315 971.236084 950.402100 1114.989258
L-ZYL-06 0.999831 565.950806 987.935852 723.488770 1123.084961
L-ZYL-07 0.999999 1125.467773 353.971558 1270.142090 500.847290
L-ZYL-07 0.999997 1435.173828 356.292236 1586.333008 508.945801
L-ZYL-17 0.999997 1058.395874 355.809998 1184.093384 498.982788
L-ZYL-17 0.999976 1323.415283 344.067780 1470.560059 480.188202
L-ZYL-18 0.999999 1211.361084 1037.375366 1362.123535 1176.825317
L-ZYL-18 0.999999 1593.719604 1021.082275 1744.627075 1155.834473
L-ZYR-01 0.999947 1173.540771 378.753082 1312.048340 465.951996
L-ZYR-01 0.999990 1479.400879 370.871552 1614.145264 489.783844
L-ZYR-02 0.999995 1002.900635 1069.243530 1121.142090 1187.351929
L-ZYR-02 0.999954 682.473755 1069.094116 799.757080 1188.558472
L-ZYR-03 0.999958 1011.037537 986.047302 1123.006104 1081.453857
L-ZYR-03 0.999986 710.138550 971.244934 816.696289 1071.552124
L-ZYR-04 0.999962 1050.971802 383.737701 1165.919067 487.263458
L-ZYR-04 0.999816 1613.272583 363.392914 1722.912231 479.707611
L-ZYR-04 0.999763 1335.026611 365.696442 1448.646240 474.059174
L-ZYR-05 0.999998 1294.488159 289.905640 1413.905640 422.468933
L-ZYR-05 0.999992 1127.546875 383.123657 1234.223633 493.596313
L-ZYR-05 0.999785 884.515076 374.806641 993.126526 471.090088
L-ZYR-06 0.999835 585.045166 1013.864746 717.685913 1106.755371
L-ZYR-06 0.999281 807.513855 1007.905945 943.457458 1089.539795
L-ZYR-07 0.999962 1533.675537 282.419098 1649.991943 387.313873
L-ZYR-07 0.999935 1221.882080 332.932983 1319.339355 427.814270
L-ZYR-17 0.999910 1519.734985 337.170197 1650.916626 464.746735
L-ZYR-17 0.995803 1125.452026 391.038391 1237.442017 524.489380
L-ZYR-18 0.999977 1321.090576 1064.159790 1436.553955 1198.640747
L-ZYR-18 0.999946 1701.066162 1057.597168 1823.163330 1168.340088
L-ZZY-01 0.999999 853.344421 232.236389 951.421692 366.338440
L-ZZY-01 0.999688 655.372253 250.630295 751.326355 374.791687
L-ZZY-02 0.999993 573.973938 1233.056396 673.168518 1400.019531
L-ZZY-02 0.998458 354.636200 1226.917358 461.771942 1474.623169
L-ZZY-03 0.999964 379.208893 1003.948242 478.293671 1086.685059
L-ZZY-03 0.999944 541.774109 996.006287 639.421082 1082.695923
L-ZZY-04 0.997620 684.025513 328.506256 835.111450 525.696899
L-ZZY-04 0.999999 1195.091309 308.847565 1333.182617 425.984161
L-ZZY-04 0.999997 986.313965 298.140808 1083.634277 424.608032
L-ZZY-05 0.999304 863.407166 354.434052 952.963562 418.660675
L-ZZY-05 0.999995 1123.603149 234.357574 1238.837280 318.529816
L-ZZY-05 0.953396 661.962585 259.190063 739.040222 335.809814
L-ZZY-17 0.999941 1023.157349 298.567657 1149.023315 395.452423
L-ZZY-17 0.999790 785.677124 304.110504 895.286987 393.767059
L-ZZY-18 0.999998 1056.753296 745.931580 1139.883179 840.845032
L-ZZY-18 0.999984 768.632751 847.799072 855.333435 927.123413
L-ZZY1-01 0.999993 1378.977051 289.804016 1503.228271 409.619507
L-ZZY1-01 0.999928 963.884888 296.486938 1089.791626 435.196106
L-ZZY1-02 0.999996 609.616516 945.914795 771.085632 1060.074951
L-ZZY1-02 0.999976 457.936127 924.018860 550.320068 1044.258179
L-ZZY1-03 0.999566 449.847412 1170.618408 561.204346 1276.983643
L-ZZY1-03 0.998603 653.585388 1161.852539 780.530334 1259.893066
L-ZZY1-04 0.999998 1392.088013 415.670990 1539.243530 552.955872
L-ZZY1-04 0.999996 807.423340 431.009735 907.147461 560.430420
L-ZZY1-04 0.999145 1119.535645 419.264160 1242.856445 535.687317
L-ZZY1-05 0.999920 626.806519 357.659027 743.383179 478.646271
L-ZZY1-05 0.999917 877.978027 429.901886 1000.596802 548.399231
L-ZZY1-05 0.999629 1183.493652 383.939636 1329.347900 521.094666
L-ZZY1-17 0.999920 851.241455 427.443634 987.136719 558.246643
L-ZZY1-17 0.999666 1219.963745 444.460632 1331.599976 558.252197
L-ZZY1-18 0.999991 1074.259521 1091.408813 1183.268555 1218.303833
L-ZZY1-18 0.999910 804.625549 1082.793213 911.784119 1213.607178
