L-CJB-01 0.999994 589.425537 996.697815 1328.952271 1454.199829
L-CJB-01 0.999994 1823.863037 1008.119446 2575.808350 1440.300903
L-CJB-01 0.999960 999.861633 77.830948 2013.843018 561.447632
L-CJB-02 1.000000 740.008850 859.410889 1297.527100 1233.997803
L-CJB-02 1.000000 996.760864 1883.493164 1542.007935 2211.696289
L-CJB-02 0.999996 54.696106 1559.625488 581.604675 1895.049561
L-CJB-02 0.999983 1144.569214 65.458710 1956.636841 491.962006
L-CJB-05 0.999812 128.046875 988.684021 755.727173 1435.020508
L-CJB-06 1.000000 1230.751831 1023.463867 1676.491333 1371.541504
L-CJB-07 1.000000 133.858185 2256.002686 622.307373 2685.119873
L-CJB-07 0.999987 951.637085 2198.569580 1431.700806 2547.903564
L-CJB-08 0.999999 1018.523254 1661.940674 1639.312500 2119.776855
L-CJB-09 1.000000 877.889648 91.830811 1481.947754 506.068054
L-CJB-10 1.000000 791.106689 1215.734985 1377.339355 1677.134888
L-CJB-11 0.999916 1172.356079 79.325790 1872.730347 566.115295
L-CJB-12 0.999996 105.388824 121.615799 777.150635 557.158386
L-CJB-13 0.999999 1521.140503 2128.036865 2153.949219 2594.943604
L-CJB-14 1.000000 1257.131348 68.628342 1860.680176 468.650146
L-CJB-15 0.999999 1236.258545 2000.910400 1824.228271 2449.541260
L-CJB-16 0.999988 477.661133 2619.503418 1190.855591 3056.693848
L-CJB-17 0.999547 2146.957764 864.195679 2631.422119 1189.567993
L-CJB-18 1.000000 730.650085 2084.773193 1312.124268 2500.853760
L-CJB-19 1.000000 206.081085 80.315018 805.226074 492.463257
L-CJB-19 0.999999 1768.319946 2567.932861 2386.252686 3047.856689
L-CJB-20 0.999999 903.494995 100.013199 1529.208374 529.910339
L-CJB-21 0.999997 1230.278809 1781.031006 1835.731445 2232.421875
L-CXP-01 1.000000 690.036011 809.250671 1251.246826 1051.123779
L-CXP-01 1.000000 1634.400146 847.245850 2253.568359 1097.004272
L-CXP-01 1.000000 1152.080078 112.265167 1759.708008 357.623169
L-CXP-02 1.000000 751.193604 878.479919 1356.789795 1187.400146
L-CXP-02 0.999999 969.114868 1842.467529 1471.158813 2136.807373
L-CXP-02 0.999999 117.968170 1693.577393 632.671631 1969.986328
L-CXP-02 0.999998 1201.547485 123.941116 1874.159302 427.402100
L-CXP-05 0.999999 98.082382 984.325928 603.562927 1251.697510
L-CXP-06 1.000000 1166.022461 943.511719 1711.003418 1222.796875
L-CXP-07 1.000000 90.114487 1826.731689 528.350098 2079.287354
L-CXP-07 0.999999 796.909790 1797.156616 1239.704468 2038.079712
L-CXP-08 0.999984 792.784424 1324.707642 1245.865112 1564.845825
L-CXP-09 1.000000 684.513733 105.483536 1187.699463 367.974670
L-CXP-10 1.000000 478.739441 1175.459229 1086.503662 1500.642334
L-CXP-11 1.000000 1089.739258 136.668060 1642.491943 402.993073
L-CXP-12 1.000000 85.875580 106.063736 691.612427 374.875549
L-CXP-13 1.000000 1178.755005 1739.757690 1739.503052 2050.893555
L-CXP-14 1.000000 1267.962646 157.517197 1959.978027 444.149353
L-CXP-15 0.999993 888.118469 1751.582397 1479.877930 2043.772583
L-CXP-16 0.999999 429.847076 1584.989136 1044.500732 1913.673462
L-CXP-17 0.999977 2105.093506 967.941223 2606.333740 1235.470337
L-CXP-18 0.999999 546.571472 1763.045776 968.809387 2024.927856
L-CXP-19 1.000000 350.387817 243.127655 935.431763 579.719727
L-CXP-19 1.000000 1907.255859 2837.301270 2621.822754 3210.169434
L-CXP-20 0.999999 646.411743 100.063904 1308.455811 445.830139
L-CXP-21 1.000000 1046.430908 1801.520996 1659.816406 2116.043701
L-CYQ-01 0.999995 517.194336 970.596558 1380.961792 1418.822632
L-CYQ-01 0.999993 1815.216797 917.782288 2782.665039 1424.298950
L-CYQ-01 0.999937 990.605591 101.719833 2000.509644 596.745605
L-CYQ-02 1.000000 882.327393 1749.336182 1546.473145 2102.490479
L-CYQ-02 0.999996 138.562103 2045.133057 839.516357 2466.593018
L-CYQ-02 0.999979 568.974487 824.495728 1345.613403 1254.270874
L-CYQ-02 0.999965 1130.614502 66.266769 1941.962891 487.712708
L-CYQ-05 0.999998 52.638702 1346.013916 804.811523 1760.486328
L-CYQ-06 1.000000 1186.772949 1130.085327 1821.466553 1498.613647
L-CYQ-07 1.000000 718.345947 2161.501465 1408.745605 2566.875000
L-CYQ-07 0.999990 86.339233 2235.013428 661.509521 2563.828369
L-CYQ-08 1.000000 932.453613 1796.826782 1574.578613 2160.710938
L-CYQ-09 1.000000 614.758667 204.527176 1358.643433 595.547485
L-CYQ-10 0.999980 496.905731 1285.737549 1221.494995 1759.533203
L-CYQ-11 1.000000 1277.374756 70.953766 1982.384033 434.382935
L-CYQ-12 0.999999 62.010193 138.496613 824.624817 593.254395
L-CYQ-13 1.000000 1417.860474 2190.894043 2075.423828 2552.701172
L-CYQ-14 1.000000 1317.953979 102.698486 2039.961060 480.034790
L-CYQ-15 0.999832 1127.398315 2272.796631 1906.638306 2756.890869
L-CYQ-16 0.999997 186.546844 2511.985352 950.716064 2933.896484
L-CYQ-17 0.999999 1839.227417 1136.729492 2551.664062 1471.937012
L-CYQ-18 0.999998 728.798340 2437.791992 1411.956299 2827.426270
L-CYQ-19 0.999991 2041.746582 2491.551270 2856.709961 2892.793945
L-CYQ-19 0.999990 352.946136 159.024780 1125.328125 508.333008
L-CYQ-20 1.000000 574.064514 107.822083 1227.278564 488.496765
L-CYQ-21 0.999999 1160.640381 1629.002563 1861.554443 2003.957886
L-FMZ-01 1.000000 321.034607 566.382202 753.093201 780.037354
L-FMZ-01 1.000000 655.860535 32.954758 1140.685303 286.477478
L-FMZ-01 1.000000 1133.698242 570.419739 1584.955078 781.515320
L-FMZ-02 1.000000 687.861694 1217.730835 1116.986938 1440.495728
L-FMZ-02 0.999999 715.019287 41.364120 1166.965088 284.175476
L-FMZ-02 0.999945 45.717239 1118.033691 522.886841 1386.073730
L-FMZ-02 0.999867 368.902985 510.534149 828.746704 758.024902
L-FMZ-05 0.999991 55.956406 601.735962 493.546875 869.695801
L-FMZ-06 1.000000 694.328735 65.466660 1151.075317 305.110352
L-FMZ-07 0.999982 1129.335449 64.599762 1631.242676 321.669952
L-FMZ-08 1.000000 551.345886 1525.828613 979.484314 1759.432617
L-FMZ-09 1.000000 360.812317 67.880524 798.410339 343.934937
L-FMZ-10 1.000000 610.195740 963.400146 1022.079895 1206.260010
L-FMZ-11 1.000000 1125.641357 73.105675 1532.703613 318.589203
L-FMZ-12 1.000000 76.205612 102.890457 446.506958 320.850952
L-FMZ-13 0.999978 886.447388 1446.903320 1263.624634 1681.483398
L-FMZ-14 0.999966 271.432068 1681.308228 721.891235 1896.416626
L-FMZ-15 1.000000 823.259766 1463.693115 1239.306885 1722.670410
L-FMZ-16 0.999991 602.915161 288.589905 1032.320557 531.208252
L-FMZ-16 0.999989 387.269257 1585.863770 820.976074 1822.392822
L-FMZ-17 1.000000 1244.274780 681.467957 1663.309448 916.977722
L-FMZ-18 1.000000 414.131348 1658.999268 864.497559 1873.845703
L-FMZ-19 1.000000 57.133591 57.542389 482.673950 303.368073
L-FMZ-19 1.000000 1471.000610 2142.107910 1961.412476 2420.246582
L-FMZ-20 1.000000 394.640930 44.841377 773.420227 266.666199
L-FMZ-21 1.000000 923.069824 1361.957886 1410.291748 1612.998169
L-GJJ-01 0.024033 1720.999878 373.187347 1886.848022 482.611298
L-GJJ-01 1.000000 698.235840 872.356079 1252.058594 1233.036743
L-GJJ-01 0.999950 1771.225708 911.506714 2326.211914 1214.165649
L-GJJ-01 0.999756 1346.648804 71.544891 1810.076538 413.333771
L-GJJ-02 1.000000 1335.654663 93.840179 1885.953735 441.198395
L-GJJ-02 1.000000 917.010132 1658.822876 1426.699097 1988.120239
L-GJJ-02 0.999998 103.972504 1560.832153 590.416260 1862.615112
L-GJJ-02 0.999993 777.225952 836.780334 1262.244873 1118.745972
L-GJJ-05 0.999966 95.561340 866.134155 581.155334 1183.503296
L-GJJ-06 1.000000 1289.348877 887.325989 1783.906006 1177.737549
L-GJJ-07 0.999999 87.970825 1662.023682 549.965637 1960.835205
L-GJJ-07 0.999993 719.063416 1634.688721 1216.471436 1963.682373
L-GJJ-08 0.999985 939.485474 1333.595337 1367.195923 1605.015259
L-GJJ-09 0.999999 683.480835 106.554810 1154.990601 396.990387
L-GJJ-10 1.000000 624.624268 921.623291 1064.953003 1208.113037
L-GJJ-11 1.000000 1327.000366 61.314697 1804.260376 373.191315
L-GJJ-12 0.999999 71.474945 93.741058 485.737152 343.884918
L-GJJ-13 1.000000 1375.043457 1781.514160 1907.099365 2110.572021
L-GJJ-14 0.999999 1271.960327 71.615250 1726.552856 374.190674
L-GJJ-15 1.000000 872.534424 1813.336182 1365.002441 2072.247070
L-GJJ-16 0.974060 390.714935 1877.105957 870.020874 2145.357422
L-GJJ-17 0.999978 1765.212280 844.283325 2231.437744 1117.937012
L-GJJ-18 1.000000 705.275879 1819.617798 1153.320068 2108.058105
L-GJJ-19 1.000000 1555.193604 1975.416016 2069.631104 2271.036133
L-GJJ-19 0.999992 120.178482 93.137680 617.010071 382.794678
L-GJJ-20 1.000000 653.129517 90.961945 1099.918579 376.123260
L-GJJ-21 0.014898 1934.668091 1698.448730 2437.066650 2033.906250
L-GJJ-21 1.000000 1058.215088 1659.866943 1551.331055 1956.037109
L-GYC-01 1.000000 396.075958 847.274658 1054.027588 1149.450562
L-GYC-01 1.000000 786.343140 95.007492 1380.878784 387.430786
L-GYC-01 0.999999 1294.373047 761.795532 1991.160889 1103.299316
L-GYC-02 1.000000 133.408356 2022.343750 772.947632 2318.979004
L-GYC-02 1.000000 1084.108521 1967.420044 1695.409546 2312.649902
L-GYC-02 1.000000 550.151978 1009.595215 1127.938232 1324.805176
L-GYC-02 0.999869 1073.703125 69.200729 1772.643799 428.739807
L-GYC-05 0.999989 109.998138 691.328735 661.295654 955.188721
L-GYC-06 1.000000 1201.290405 980.633423 1734.278442 1288.467163
L-GYC-07 1.000000 84.241638 1924.985840 646.547180 2272.231934
L-GYC-07 0.999942 894.631531 1805.984375 1555.919189 2257.039551
L-GYC-08 0.999999 1161.500244 1746.565063 1844.924805 2075.989502
L-GYC-09 1.000000 509.882904 91.499252 1184.402222 507.791504
L-GYC-10 1.000000 753.357178 1247.824097 1379.259277 1601.390991
L-GYC-11 0.999997 809.076904 132.319031 1443.992676 527.078247
L-GYC-12 1.000000 185.032349 59.087097 858.712524 454.511322
L-GYC-13 0.999999 1529.551514 2283.118652 2239.150879 2665.316895
L-GYC-14 1.000000 1048.581909 75.619614 1710.945435 466.037415
L-GYC-15 0.999999 1039.657471 2552.145508 1729.866455 2866.435547
L-GYC-16 0.999975 492.020111 2460.679199 1229.739624 2793.940918
L-GYC-17 0.999996 1943.698242 800.897583 2443.976074 1087.105713
L-GYC-19 1.000000 1881.712891 3020.450928 2561.694336 3407.920654
L-GYC-19 0.999998 138.047882 38.024033 873.978516 452.217407
L-GYC-20 1.000000 450.863098 86.416656 1167.460938 483.503448
L-GYC-21 0.999937 894.492432 1437.492188 1612.282959 1836.417480
L-GZZ-01 1.000000 374.419312 426.690063 761.053711 654.944214
L-GZZ-01 1.000000 906.314331 421.679993 1283.144409 654.864685
L-GZZ-01 0.999998 648.620850 56.375404 979.061523 216.908936
L-GZZ-02 1.000000 51.804901 1137.934692 430.149811 1360.200806
L-GZZ-02 1.000000 665.562256 37.490280 1096.357910 303.513916
L-GZZ-02 0.999993 362.668701 580.342468 800.537354 871.306824
L-GZZ-02 0.999969 671.558594 1224.924927 1084.084961 1453.622192
L-GZZ-05 1.000000 59.002579 705.469727 461.352234 959.113159
L-GZZ-06 1.000000 787.126709 46.975571 1196.158203 313.079224
L-GZZ-07 0.999985 663.621399 45.597000 1163.470093 374.901917
L-GZZ-08 0.999996 775.499939 1137.099609 1182.883667 1426.891357
L-GZZ-09 1.000000 330.494812 40.205994 725.661804 332.257660
L-GZZ-10 1.000000 537.032471 823.592896 906.692383 1068.463135
L-GZZ-11 1.000000 1068.690918 44.687485 1523.664551 354.176147
L-GZZ-12 1.000000 67.095230 50.344376 430.986206 307.768005
L-GZZ-13 1.000000 1166.849487 1575.242432 1576.030396 1857.402100
L-GZZ-14 0.999997 175.505371 1371.501099 641.297302 1644.443726
L-GZZ-15 0.999998 800.604370 1498.370239 1239.625244 1768.056519
L-GZZ-16 0.999996 331.528473 1424.814819 729.651245 1694.104858
L-GZZ-17 1.000000 1452.187378 682.453003 1831.673950 909.185791
L-GZZ-18 0.999996 682.260193 1345.873413 1067.498657 1560.201050
L-GZZ-19 1.000000 1238.230957 1875.984497 1680.886719 2140.884277
L-GZZ-19 1.000000 49.176147 100.860718 472.368225 424.028076
L-GZZ-20 0.999995 240.252640 36.812927 631.358215 319.046967
L-GZZ-21 1.000000 795.271973 1157.554810 1237.544312 1419.402710
L-HPY-01 1.000000 702.668823 838.911316 1250.774902 1177.144287
L-HPY-01 1.000000 1178.282471 90.098221 1842.473633 442.025513
L-HPY-01 0.999998 1682.317871 902.150696 2346.100098 1272.005249
L-HPY-02 0.999999 897.988037 1478.494141 1504.205322 1843.535400
L-HPY-02 0.999999 762.185791 735.805542 1353.935547 1072.048950
L-HPY-02 0.999996 61.620758 1422.697144 661.292969 1810.837524
L-HPY-02 0.999993 1243.785034 72.011215 1970.283081 457.800110
L-HPY-05 1.000000 55.189453 1004.152100 621.037659 1342.162109
L-HPY-06 1.000000 1348.740479 898.752197 1905.308594 1220.778320
L-HPY-07 1.000000 100.712219 1772.374146 657.653931 2109.638672
L-HPY-07 1.000000 883.355835 1745.979370 1464.535767 2113.439453
L-HPY-08 1.000000 931.338562 1720.022217 1560.262939 2081.759277
L-HPY-09 1.000000 646.188477 119.428543 1158.364380 464.047119
L-HPY-10 1.000000 730.405518 1091.173096 1353.562256 1478.687988
L-HPY-11 0.999997 1115.878174 108.941284 1782.947266 458.916321
L-HPY-12 1.000000 89.768250 95.473938 633.759827 432.654785
L-HPY-13 1.000000 1355.794800 1894.268555 1928.568726 2228.701660
L-HPY-14 1.000000 1128.556152 93.683578 1736.001465 427.677246
L-HPY-15 0.999999 1013.164978 2220.134521 1608.466309 2580.860107
L-HPY-16 1.000000 605.412964 1809.591064 1254.979004 2221.800537
L-HPY-17 1.000000 1577.160522 822.474243 2162.588379 1151.841919
L-HPY-18 1.000000 675.681885 1666.747070 1233.022095 1967.862549
L-HPY-19 1.000000 149.030518 80.910980 720.236511 478.328461
L-HPY-19 0.999969 1647.638916 2344.530762 2323.729492 2720.666504
L-HPY-20 0.999999 501.320923 105.790192 1084.600708 467.983917
L-HPY-21 1.000000 1063.899780 1510.225708 1584.659058 1854.018433
L-HX-01 1.000000 593.456055 528.390991 1116.388550 744.855957
L-HX-01 1.000000 1599.649780 664.498352 2141.842285 885.539368
L-HX-01 0.999998 1203.034912 69.197792 1713.437500 289.972107
L-HX-02 1.000000 1052.390503 1358.111084 1587.956665 1595.518555
L-HX-02 1.000000 1378.352417 74.353889 1966.696899 306.730377
L-HX-02 0.999986 869.024597 586.161194 1374.925903 833.150452
L-HX-02 0.999971 31.946259 1178.138184 578.777100 1416.734131
L-HX-05 0.999974 34.206665 815.769104 741.517212 1138.105103
L-HX-06 1.000000 1412.123291 909.451782 1993.577393 1211.556274
L-HX-07 1.000000 46.621399 1913.008789 736.945862 2237.080566
L-HX-07 1.000000 1049.010742 1959.892456 1855.810547 2272.737793
L-HX-08 0.999840 908.518127 1484.630249 1620.107422 1763.989380
L-HX-09 1.000000 366.704529 73.332413 1013.254944 368.624756
L-HX-10 1.000000 515.061096 779.940674 1092.275635 1057.260498
L-HX-11 1.000000 1077.174805 62.878319 1692.209961 313.911469
L-HX-12 1.000000 74.809662 68.613907 741.907837 334.217957
L-HX-13 0.999999 1247.546875 1643.257324 1856.163086 1918.727539
L-HX-14 0.999932 1146.441895 103.629349 1842.494141 368.515137
L-HX-15 1.000000 1025.172119 1651.145874 1649.433838 1982.008179
L-HX-16 0.999999 334.366882 1593.817017 980.821594 1871.087524
L-HX-17 1.000000 1706.784180 858.999573 2406.360352 1175.633545
L-HX-18 1.000000 682.897888 1709.854370 1354.774658 2003.469360
L-HX-19 0.999982 1447.906250 2080.388184 2148.228760 2417.382324
L-HX-19 0.999871 96.043030 73.932297 808.713684 372.331055
L-HX-20 1.000000 441.054382 62.271805 1140.829346 378.255859
L-HX-21 0.999997 799.942017 1151.093262 1485.332642 1463.868408
L-LBS-01 1.000000 1344.348633 884.891602 1822.004639 1145.614380
L-LBS-01 0.999999 350.231750 763.115967 809.850525 1009.444946
L-LBS-01 0.999994 822.550903 76.690231 1448.098999 376.311584
L-LBS-02 1.000000 306.011627 639.909241 784.610474 919.918518
L-LBS-02 1.000000 495.083252 1792.789795 1026.854492 2092.722900
L-LBS-02 1.000000 7.812408 1292.664307 525.290771 1625.837891
L-LBS-02 0.999645 649.265686 51.738739 1390.207764 342.405670
L-LBS-05 0.999923 85.135590 909.951843 607.355225 1223.384888
L-LBS-06 0.999983 691.845093 79.043442 1404.108032 410.248474
L-LBS-07 1.000000 974.331421 82.861343 1565.854858 438.067078
L-LBS-08 1.000000 683.793640 1313.677002 1143.423584 1606.600830
L-LBS-09 1.000000 517.108765 133.979340 977.705688 434.310089
L-LBS-10 0.999959 456.632843 876.578918 982.279419 1225.056763
L-LBS-11 1.000000 1283.596802 65.943375 1768.371948 338.497437
L-LBS-12 0.999991 52.163422 149.733963 600.938965 452.577332
L-LBS-13 1.000000 1080.820557 1610.410645 1614.911377 1894.529541
L-LBS-13 0.015183 751.429077 88.915359 1421.599243 395.110474
L-LBS-14 0.999997 220.535522 1414.960205 705.983337 1713.741699
L-LBS-15 0.999967 695.090027 1566.917236 1314.805176 1937.626953
L-LBS-16 0.999999 121.220032 2004.744507 879.595337 2401.426270
L-LBS-17 0.999998 1479.999634 874.745850 2020.766479 1156.082397
L-LBS-18 1.000000 338.333740 2061.090576 825.880981 2352.364990
L-LBS-19 0.999985 1389.224365 2022.091553 1979.258545 2359.424072
L-LBS-19 0.999981 124.120728 55.507401 766.936523 421.504517
L-LBS-20 1.000000 620.648682 55.675659 1126.987427 357.737183
L-LBS-21 0.999996 659.564087 886.745850 1238.365845 1188.014893
L-LOW-01 1.000000 640.543030 758.986572 1137.967041 1023.258179
L-LOW-01 1.000000 1607.970459 747.500183 2122.959717 1040.062256
L-LOW-01 0.999998 1110.688354 91.977921 1750.137085 436.014343
L-LOW-02 1.000000 67.041214 1369.037354 578.763794 1650.106689
L-LOW-02 1.000000 766.276855 1474.663086 1263.842896 1796.490479
L-LOW-02 0.999997 538.739868 707.469849 1056.468750 1045.777588
L-LOW-02 0.999995 961.805786 64.515854 1641.988892 439.002197
L-LOW-05 0.999989 97.812866 811.439331 680.866455 1168.931274
L-LOW-06 1.000000 1237.702515 940.169556 1740.139282 1306.411743
L-LOW-07 0.999928 768.167358 1890.762695 1293.396851 2261.344727
L-LOW-08 1.000000 964.307739 1352.315796 1531.800903 1668.916138
L-LOW-09 0.999977 650.158447 94.120514 1194.240479 425.310760
L-LOW-10 1.000000 596.175903 975.165161 1086.167236 1268.913208
L-LOW-11 0.999994 1021.623352 68.267456 1663.754395 439.216339
L-LOW-12 1.000000 105.601685 123.447266 729.773926 474.095276
L-LOW-13 0.999963 1449.717041 1947.449951 1929.787598 2241.253174
L-LOW-14 1.000000 1018.049988 120.883942 1607.228760 480.418182
L-LOW-15 1.000000 915.158997 1981.708252 1486.360107 2327.037354
L-LOW-16 0.999996 294.223907 2017.133667 856.400879 2386.042236
L-LOW-17 0.999997 1791.329712 778.473999 2337.853516 1086.747437
L-LOW-18 0.999995 410.299622 2114.879883 1020.103699 2452.936523
L-LOW-19 1.000000 293.442139 96.260406 883.354736 494.393402
L-LOW-19 0.999999 1938.122314 2900.523438 2556.996826 3260.602051
L-LOW-20 0.999999 422.164703 96.990173 986.584106 445.999817
L-LOW-21 1.000000 1013.255798 1521.712280 1491.938843 1828.865356
L-LYC-01 1.000000 1463.098145 813.380188 1969.833984 1034.041382
L-LYC-01 1.000000 1040.327271 111.858208 1554.364868 325.120239
L-LYC-01 0.999996 607.584717 782.904419 1102.429932 988.088257
L-LYC-02 1.000000 127.509094 1424.193604 674.158997 1652.397217
L-LYC-02 1.000000 915.113281 1559.850708 1375.951416 1795.842163
L-LYC-02 0.999996 1483.402344 97.031921 1908.595703 379.292084
L-LYC-02 0.999948 943.873474 660.501465 1418.320312 926.341431
L-LYC-05 0.999954 120.449982 831.156555 562.494751 1052.247559
L-LYC-06 1.000000 1251.750366 940.103882 1748.223022 1217.820923
L-LYC-07 1.000000 82.842590 1859.407471 644.050781 2177.045898
L-LYC-07 0.999988 849.126343 1890.804199 1445.664429 2211.703613
L-LYC-08 0.999988 804.559082 1307.070679 1287.919189 1566.209595
L-LYC-09 0.999994 612.168640 119.190567 1104.725586 386.124146
L-LYC-10 1.000000 588.560669 1038.905396 1206.049683 1436.023560
L-LYC-11 0.999999 1089.550781 111.737122 1783.609131 495.586731
L-LYC-12 1.000000 64.008392 77.072678 713.637817 425.868958
L-LYC-13 0.010048 983.398193 102.228378 1727.326660 503.694519
L-LYC-13 0.999990 1367.967773 1909.622925 1992.464355 2230.356934
L-LYC-14 1.000000 1193.027100 75.243896 1832.875977 408.955597
L-LYC-15 0.999995 933.681763 2124.763916 1689.056274 2532.720947
L-LYC-16 0.999998 193.524109 2140.883545 913.636414 2496.621826
L-LYC-17 0.999953 1542.711426 825.412048 2211.909912 1197.704346
L-LYC-18 0.999999 707.282104 2034.315063 1246.506226 2315.270996
L-LYC-19 1.000000 2061.235596 2360.514160 2788.578857 2731.375000
L-LYC-19 0.999999 237.530487 123.307480 921.475830 458.890442
L-LYC-20 0.999931 490.563477 147.523102 1146.921753 472.698761
L-LYC-21 0.999990 1047.097656 1445.149414 1840.898438 1839.607178
L-LYL-01 1.000000 1913.700439 1040.128784 2606.396240 1409.675903
L-LYL-01 0.999996 1136.468872 110.013275 2050.645264 581.861938
L-LYL-01 0.999995 744.125732 926.131592 1395.696777 1373.781250
L-LYL-02 0.999985 1070.940552 32.508911 1961.754272 545.307068
L-LYL-02 0.999999 900.831055 2011.047974 1585.301270 2438.001465
L-LYL-02 0.998723 38.682831 1924.994751 704.478394 2405.640869
L-LYL-02 0.999862 613.836182 1003.932129 1308.620728 1449.089111
L-LYL-05 0.999982 51.673157 1053.882935 632.345093 1366.015503
L-LYL-06 0.999620 1142.060913 991.864258 1701.336304 1290.690186
L-LYL-06 0.108608 952.013489 1827.148315 1506.242676 2217.513184
L-LYL-07 1.000000 906.968628 1894.795044 1504.677612 2256.661377
L-LYL-07 0.999998 61.261780 1841.583374 698.017029 2244.139648
L-LYL-08 0.999999 1145.955566 1428.179199 1740.268555 1792.960693
L-LYL-09 0.999998 468.155670 73.318878 1094.215210 467.832855
L-LYL-10 0.999999 700.780273 1111.036499 1238.597534 1473.064819
L-LYL-12 1.000000 38.989868 45.441345 656.892090 390.616333
L-LYL-13 0.999998 1460.591797 2452.493652 2133.720459 2859.069336
L-LYL-14 0.999999 1199.002319 47.393753 1871.355835 463.824280
L-LYL-15 1.000000 1114.484009 1694.473999 1720.330444 2047.961060
L-LYL-16 1.000000 269.482788 2764.785156 928.784790 3132.187012
L-LYL-16 0.027487 1621.818970 73.874710 2229.501953 430.881897
L-LYL-17 0.999996 1986.727173 874.203125 2525.801270 1172.416504
L-LYL-18 0.999996 973.585449 1715.570557 1536.303955 2068.573486
L-LYL-19 1.000000 2107.984863 2741.597656 2754.537598 3118.916992
L-LYL-19 1.000000 103.248749 64.950531 668.984253 469.200531
L-LYL-20 1.000000 556.244385 49.979279 1185.939209 431.860168
L-LYL-21 1.000000 1128.681885 2011.218506 1854.466064 2398.288818
L-MJN-01 1.000000 497.979370 546.291504 955.123291 772.792969
L-MJN-01 0.999999 849.096680 63.355293 1294.722900 317.875427
L-MJN-01 0.999998 1156.034424 533.525391 1598.255859 775.974487
L-MJN-02 1.000000 52.902008 1505.633545 727.293945 1828.538818
L-MJN-02 1.000000 889.125488 1485.578003 1592.018311 1843.005737
L-MJN-02 0.999997 555.906738 648.269775 1188.741943 951.401978
L-MJN-02 0.999994 1126.165527 50.266266 1775.294434 384.445709
L-MJN-05 0.999992 52.438446 1321.493042 827.695801 1766.938843
L-MJN-06 0.999999 1135.441650 1174.152588 1868.961914 1513.160889
L-MJN-07 1.000000 69.223450 2336.125977 907.611694 2678.558105
L-MJN-07 0.999998 939.609253 2332.467529 1761.361206 2675.555420
L-MJN-08 1.000000 646.616455 2001.739258 1422.566895 2380.558105
L-MJN-09 1.000000 589.136597 85.772156 1223.705322 423.367889
L-MJN-10 0.999993 471.496124 1559.711548 1199.266968 1935.130493
L-MJN-11 0.999999 1063.318481 65.771820 1758.591431 439.767517
L-MJN-12 0.005580 1046.456665 195.974167 1605.124634 691.741272
L-MJN-12 0.999991 38.635254 82.472855 806.387207 518.531189
L-MJN-13 0.999997 1375.030762 2114.131104 2179.822754 2580.442139
L-MJN-14 0.999889 1106.268311 45.609573 1838.184570 434.019348
L-MJN-15 0.999756 1039.621826 2175.834961 1869.910889 2586.736328
L-MJN-16 0.999989 289.072205 2259.271729 1082.392578 2680.326904
L-MJN-17 0.999998 1865.913818 812.736145 2543.325928 1150.432373
L-MJN-18 1.000000 500.710022 2377.503174 1234.113525 2771.874756
L-MJN-19 0.999995 1808.692993 2853.472656 2689.391113 3318.147461
L-MJN-19 0.999991 89.177155 57.255066 937.019531 496.657715
L-MJN-20 0.999983 414.759125 52.864670 1184.418945 491.930298
L-MJN-21 0.999985 1167.469360 1581.800293 1937.183960 2019.153320
L-MXR-01 1.000000 1215.858154 529.195740 1611.036377 781.432556
L-MXR-01 0.999999 947.456909 99.668434 1374.804321 352.784729
L-MXR-01 0.999947 642.627075 510.927887 1135.351929 806.595215
L-MXR-02 0.999999 95.558258 1255.876465 668.619507 1594.240967
L-MXR-02 0.999997 811.109680 1169.735352 1254.363037 1458.189453
L-MXR-02 0.999995 1002.485718 98.204330 1511.757935 384.716553
L-MXR-02 0.999994 578.102844 646.527771 1034.152344 901.372498
L-MXR-05 0.999991 79.158569 960.388550 632.664185 1299.028931
L-MXR-06 1.000000 1212.779297 939.668030 1736.958984 1275.307617
L-MXR-07 0.999991 961.943970 1655.796875 1494.979370 2004.571045
L-MXR-07 0.999896 75.719879 1543.093872 650.610352 1883.054077
L-MXR-08 0.999979 963.662354 1461.487549 1517.256836 1758.490723
L-MXR-09 1.000000 513.679688 70.590332 1122.881348 397.917023
L-MXR-10 1.000000 529.128418 1019.595215 1064.184326 1398.187256
L-MXR-11 0.993897 945.068237 40.106567 1665.051392 505.612183
L-MXR-12 1.000000 117.060486 69.306763 713.820984 481.679504
L-MXR-13 0.999999 1346.916992 1740.686890 2073.775146 2206.333496
L-MXR-14 0.999970 1098.477051 118.209274 1921.098633 613.884521
L-MXR-15 0.999973 922.101440 1900.518799 1541.482544 2351.192139
L-MXR-16 0.999999 320.721436 1749.333374 997.687256 2155.126953
L-MXR-17 1.000000 1580.906372 627.884338 2102.142578 974.854553
L-MXR-18 0.999995 619.901917 1930.462402 1187.379883 2264.229004
L-MXR-19 0.999999 1682.630981 2227.715820 2452.724609 2679.207520
L-MXR-19 0.999994 105.857788 67.611816 957.869141 595.243896
L-MXR-20 0.999931 671.251099 99.037292 1411.528442 598.181824
L-MXR-21 0.999757 1162.592041 1336.862671 1868.303223 1772.421997
L-MYC-01 0.999997 608.599670 674.310730 1014.613220 961.899475
L-MYC-01 0.999996 1009.044189 113.583397 1391.535156 338.880157
L-MYC-01 0.999850 1488.666992 697.809814 1855.744141 929.149414
L-MYC-02 1.000000 954.391846 74.498734 1433.680664 358.147400
L-MYC-02 1.000000 954.932129 1589.635132 1393.094238 1864.452759
L-MYC-02 1.000000 71.402420 1530.197754 519.547607 1846.061279
L-MYC-02 0.999994 540.965637 716.082886 1078.946045 1013.816528
L-MYC-05 0.999752 67.046051 846.892334 586.781982 1167.494751
L-MYC-07 1.000000 841.554688 1745.481323 1302.108887 2021.381714
L-MYC-07 1.000000 84.617126 1704.329956 579.968201 1975.790649
L-MYC-08 0.999999 610.407959 1454.627930 1129.072021 1749.701416
L-MYC-09 1.000000 437.722168 63.739014 971.929199 358.493164
L-MYC-10 1.000000 467.980591 1210.803955 921.499268 1490.668701
L-MYC-11 0.999999 906.149048 66.309753 1477.824829 386.316681
L-MYC-12 1.000000 51.782349 201.354019 491.671265 479.758118
L-MYC-13 0.997432 1180.203491 2077.753174 1671.904663 2406.489014
L-MYC-14 1.000000 1010.118774 109.743637 1523.453247 412.788757
L-MYC-15 0.999998 894.742310 1698.116821 1339.059448 1982.919067
L-MYC-16 1.000000 339.158447 2190.194580 918.591553 2589.574463
L-MYC-17 1.000000 1638.595215 1051.854248 2142.157715 1331.825928
L-MYC-18 0.999999 720.668640 1708.110352 1262.651367 2000.137451
L-MYC-19 1.000000 1593.325439 2860.797852 2067.231689 3161.002930
L-MYC-19 0.999995 238.080963 96.905945 742.732788 415.963409
L-MYC-20 1.000000 478.305115 85.046295 974.856995 388.485443
L-MYC-21 1.000000 966.326843 1379.534302 1465.696411 1706.966431
L-RYP-01 0.999999 1830.276245 1003.351746 2520.087158 1498.036377
L-RYP-01 0.999992 633.789795 946.612122 1399.703003 1447.663574
L-RYP-01 0.999982 1303.465210 83.100220 1942.556030 523.084778
L-RYP-02 0.999975 56.301392 2596.265381 793.851135 3232.129639
L-RYP-02 0.999999 1203.586304 2591.274658 1979.410278 3187.950928
L-RYP-02 0.999894 1154.216797 61.818329 2285.252197 779.260254
L-RYP-02 0.999996 576.810608 1283.790649 1551.860840 2033.197876
L-RYP-05 1.000000 83.320892 1609.485107 948.197998 2406.717529
L-RYP-06 0.999996 1367.583984 1501.520020 2218.404053 2289.655518
L-RYP-07 0.999992 1133.780273 3043.994141 1959.040283 3707.470215
L-RYP-07 0.999978 82.390198 3065.543213 915.008484 3770.410400
L-RYP-08 0.999998 882.519043 2218.062256 1591.959717 2779.270752
L-RYP-09 0.999972 629.314087 71.906067 1435.676636 730.326050
L-RYP-10 0.999958 720.109619 1697.202393 1557.945557 2395.453613
L-RYP-12 0.998918 85.612152 86.094482 937.686890 738.348145
L-RYP-13 1.000000 1462.850830 2734.245605 2246.661377 3498.566406
L-RYP-14 0.999937 1142.112671 78.948029 2134.907959 765.787842
L-RYP-15 0.999996 1239.878174 2331.132812 1990.942139 2981.054688
L-RYP-16 0.999990 403.588593 3364.099121 1204.171387 4077.749512
L-RYP-17 0.999994 2185.190186 1410.347900 3113.540771 2093.334961
L-RYP-18 0.999999 349.180878 2887.463623 1186.739014 3561.798096
L-RYP-19 0.999989 171.476776 75.701263 1195.394775 886.231445
L-RYP-19 0.999950 2216.724854 3415.656738 3049.947021 4136.697266
L-RYP-20 0.999999 589.989136 86.665436 1472.552856 747.458374
L-RYP-21 0.999994 948.754944 1885.003906 1992.269043 2592.618652
L-WJY-01 1.000000 2906.278564 1544.829590 3670.012451 1963.049561
L-WJY-01 0.999969 1545.795288 48.830872 2848.537598 777.084045
L-WJY-01 0.999968 753.338867 1403.724365 1516.982422 1898.833740
L-WJY-02 1.000000 101.829163 1918.164429 763.071655 2323.363770
L-WJY-02 0.999999 811.437744 901.035645 1477.809570 1309.789062
L-WJY-02 0.999996 1701.281006 145.279770 2390.560791 572.532288
L-WJY-02 0.999988 1168.495361 2148.895752 1698.212646 2516.002197
L-WJY-05 0.999998 88.475677 1255.164551 930.076416 1756.237793
L-WJY-06 0.999994 2026.528076 1497.630127 2608.281006 1910.091797
L-WJY-07 0.999999 53.629913 2480.534180 698.708130 2921.708496
L-WJY-07 0.999996 1270.037598 2502.173828 1815.132568 2794.664062
L-WJY-08 0.999999 1766.174072 3186.835693 2583.677490 3677.750244
L-WJY-09 0.999999 763.181763 397.992981 1512.347046 893.902893
L-WJY-10 1.000000 960.699951 1634.306763 1743.153564 2090.882568
L-WJY-11 0.999999 1703.277344 77.087143 2510.003418 570.608765
L-WJY-12 0.999999 88.285126 215.131165 827.179199 681.679138
L-WJY-13 0.999999 2230.220703 2780.071289 2992.891113 3241.012207
L-WJY-14 1.000000 1662.995605 141.824249 2399.958984 658.162354
L-WJY-15 0.999949 1458.021973 2657.790527 2118.277344 3051.011719
L-WJY-16 0.999895 539.073303 2558.022217 1257.792480 2973.268799
L-WJY-17 0.999927 2800.323486 1246.258179 3532.858643 1702.184448
L-WJY-18 1.000000 1380.055176 2765.384277 2034.799561 3162.704102
L-WJY-19 1.000000 143.065887 192.026154 952.651123 713.593384
L-WJY-19 0.999999 2928.761963 3534.730469 3810.014893 4079.316406
L-WJY-20 1.000000 655.561401 212.713730 1282.542480 630.424500
L-WJY-21 0.999999 1726.678223 2260.926270 2535.825195 2782.378906
L-WXL-01 1.000000 466.573853 668.704163 876.867310 885.426086
L-WXL-01 1.000000 1036.864136 671.821411 1414.062866 855.919067
L-WXL-01 0.999971 682.215210 96.540482 1137.761963 379.937256
L-WXL-02 1.000000 876.980957 70.260880 1370.617432 318.447510
L-WXL-02 0.999999 124.872208 1211.465332 564.796326 1425.529541
L-WXL-02 0.999998 792.565491 1189.463379 1199.691406 1379.814941
L-WXL-02 0.999996 557.242432 604.219910 1026.325073 801.310486
L-WXL-05 0.999999 129.279617 863.515503 630.726196 1151.634888
L-WXL-06 1.000000 1251.355225 929.784546 1721.035645 1157.577759
L-WXL-07 0.999998 829.930298 1929.528198 1300.944702 2162.369385
L-WXL-07 0.999925 119.575165 1971.636841 614.170532 2225.495117
L-WXL-08 1.000000 1032.301270 1577.155273 1658.687012 1937.571777
L-WXL-09 0.999998 2317.117188 1178.979492 2774.549805 1527.987061
L-WXL-09 0.999992 459.879089 158.157593 1118.407227 533.846558
L-WXL-10 1.000000 605.285583 1098.535400 1124.980957 1413.914795
L-WXL-11 0.999999 1016.973450 111.534424 1697.023682 488.773865
L-WXL-12 0.999999 154.715027 105.828171 835.417908 487.625061
L-WXL-13 0.999978 1269.538574 2054.252441 1895.136230 2333.070801
L-WXL-14 0.999970 1084.666748 94.891495 1854.247314 496.361572
L-WXL-15 0.999998 997.604248 2191.501709 1772.051025 2596.522217
L-WXL-16 0.999993 263.472473 2457.570068 1113.640137 2904.116455
L-WXL-17 0.999998 1855.897949 715.906677 2531.236816 1066.071289
L-WXL-18 0.999993 549.382507 1696.927979 995.518005 1946.188965
L-WXL-19 1.000000 2019.505249 3033.611816 2914.377930 3458.163574
L-WXL-19 1.000000 105.907867 127.058945 912.641724 582.262878
L-WXL-20 0.999999 495.340515 104.741379 1279.354980 485.178955
L-WXL-21 1.000000 1143.709961 1617.806519 1777.784668 1959.478882
L-WZ-01 1.000000 1077.976440 58.447479 1495.263794 321.875275
L-WZ-01 1.000000 689.581970 629.251465 1074.067627 868.409058
L-WZ-01 0.999999 1642.442993 658.697632 2052.043701 895.812866
L-WZ-02 0.999611 99.470901 1003.250854 515.830811 1243.705688
L-WZ-02 0.999974 505.555908 558.428528 918.408325 804.168884
L-WZ-02 0.999978 1100.558472 86.996277 1558.267212 331.851868
L-WZ-02 0.999993 750.663574 1165.252808 1156.419922 1401.958862
L-WZ-05 0.999720 183.239548 821.206177 632.661133 1082.756958
L-WZ-06 1.000000 1405.719482 810.081482 1844.761719 1052.284424
L-WZ-07 1.000000 834.929199 1417.379395 1248.541260 1657.296387
L-WZ-07 0.999996 123.529785 1406.921265 579.221558 1676.126343
L-WZ-08 0.999993 1107.031982 1839.373779 1724.304688 2161.189209
L-WZ-09 1.000000 861.524414 165.651337 1460.903564 518.145264
L-WZ-10 1.000000 876.884277 1695.947388 1509.677490 2088.204590
L-WZ-11 1.000000 1279.350830 179.390717 1860.629150 560.719849
L-WZ-12 0.999979 117.013428 175.594711 819.086304 601.047791
L-WZ-13 0.999945 1875.376953 2125.245605 2533.117676 2519.971191
L-WZ-14 1.000000 1209.609985 109.270325 1826.546509 459.568481
L-WZ-15 0.999999 1409.141113 2011.084229 2058.118652 2427.194580
L-WZ-16 0.958247 390.428711 2556.916504 1025.664673 2946.242676
L-WZ-17 0.999987 1747.954224 658.103882 2205.223633 901.011353
L-WZ-18 0.999995 574.057007 1504.084351 1042.178833 1764.301880
L-WZ-19 1.000000 2090.436279 2710.571045 2672.212158 3117.740479
L-WZ-19 0.999999 289.267487 111.443848 912.088013 569.617065
L-WZ-20 1.000000 699.639343 159.574219 1351.391113 558.120850
L-WZ-21 1.000000 1747.658691 1841.802246 2448.471680 2219.915039
L-WZ1-01 1.000000 534.243408 741.600281 973.894897 1007.892273
L-WZ1-01 0.999998 1332.395264 703.415222 1746.412109 944.974182
L-WZ1-01 0.999974 898.370361 100.727020 1393.275635 362.214752
L-WZ1-02 1.000000 888.169556 57.531715 1266.539673 303.145935
L-WZ1-02 1.000000 398.221924 635.456665 786.474609 873.174927
L-WZ1-02 1.000000 37.429611 1248.122437 411.831909 1468.966919
L-WZ1-02 0.999999 587.073242 1367.185425 992.702881 1647.572144
L-WZ1-05 0.999994 37.756622 776.705566 635.347900 1102.172607
L-WZ1-06 0.999972 998.026123 739.226440 1500.596191 1138.127441
L-WZ1-07 1.000000 122.400452 1426.392090 606.849304 1709.083740
L-WZ1-07 0.999958 801.913696 1506.387207 1392.541382 1811.869385
L-WZ1-08 1.000000 873.963440 1367.208618 1476.243652 1694.053589
L-WZ1-09 0.999975 349.661530 58.567703 893.560181 392.694702
L-WZ1-10 1.000000 625.937134 905.451538 1224.681396 1224.372925
L-WZ1-11 0.999997 561.837585 57.409286 1242.650879 395.043152
L-WZ1-12 0.999859 102.901886 50.375870 667.058472 403.818787
L-WZ1-13 1.000000 1295.591064 1490.706177 1760.929932 1797.332397
L-WZ1-14 0.999990 975.980774 58.285004 1534.684814 381.016724
L-WZ1-15 0.999956 871.387695 1473.266968 1552.345215 1819.686157
L-WZ1-16 0.999997 429.002991 1828.199585 984.812439 2135.292969
L-WZ1-17 0.999999 1687.176758 900.906494 2311.562744 1210.016602
L-WZ1-18 1.000000 903.781677 1498.728027 1450.684570 1852.705322
L-WZ1-19 0.999974 88.167999 71.714111 764.904419 428.465698
L-WZ1-19 0.999973 1504.850586 2274.042725 2222.543457 2617.936768
L-WZ1-20 1.000000 418.517273 70.403488 1097.014160 397.484680
L-WZ1-21 1.000000 1015.281311 1126.954712 1543.448975 1429.894409
L-XTQ-01 1.000000 898.629272 53.911354 1390.045288 291.234650
L-XTQ-01 1.000000 441.167419 597.314270 863.364807 809.702332
L-XTQ-01 0.999999 1257.620117 559.610718 1643.083984 812.014526
L-XTQ-02 1.000000 892.633179 65.794449 1383.912476 328.827759
L-XTQ-02 0.999999 372.770416 678.376038 863.488647 915.195984
L-XTQ-02 0.999996 63.966309 1102.454590 478.158813 1303.810791
L-XTQ-02 0.999982 623.313416 1189.454956 1062.359619 1446.540161
L-XTQ-05 0.999650 77.001617 810.501587 776.670410 1148.552612
L-XTQ-06 1.000000 1251.362305 855.671509 1924.118408 1159.545898
L-XTQ-07 1.000000 45.764160 1869.723999 774.475830 2199.122070
L-XTQ-07 0.999957 859.670776 1855.741333 1547.933960 2170.898193
L-XTQ-08 1.000000 971.452454 1590.900635 1703.250000 1904.732910
L-XTQ-09 1.000000 487.503174 177.984787 1146.831421 474.434509
L-XTQ-10 1.000000 542.788635 905.702271 1118.561035 1211.246704
L-XTQ-11 1.000000 999.717224 62.615707 1719.494873 368.066406
L-XTQ-12 0.999999 66.466675 98.692719 766.839355 430.589020
L-XTQ-13 0.999999 1018.383911 1839.154541 1686.934204 2111.369873
L-XTQ-14 0.999984 1016.219788 66.626328 1738.735107 368.026550
L-XTQ-15 0.999999 847.583008 1767.287109 1562.077637 2060.378906
L-XTQ-16 1.000000 78.110199 1996.640869 740.017822 2304.024170
L-XTQ-17 0.999996 2148.401611 1092.462402 2866.866943 1386.598389
L-XTQ-18 1.000000 527.389099 1723.591309 1155.270264 2013.671387
L-XTQ-19 1.000000 47.879578 144.883835 744.804871 460.809448
L-XTQ-19 0.999972 1679.719849 2488.704102 2477.933838 2790.834473
L-XTQ-20 0.999999 320.179260 97.130859 981.211365 428.841125
L-XTQ-21 0.999999 773.096436 1694.110352 1562.280273 2063.945557
L-ZJY-01 1.000000 670.386719 597.535889 1082.333374 820.244507
L-ZJY-01 1.000000 1053.003296 75.758270 1539.338257 313.180878
L-ZJY-01 0.999998 1414.822998 602.993408 1798.398926 835.812500
L-ZJY-02 1.000000 124.891815 1117.994751 613.514893 1368.385620
L-ZJY-02 1.000000 669.204224 538.654175 1127.348022 790.259155
L-ZJY-02 1.000000 1125.707153 87.621727 1562.412231 319.077820
L-ZJY-02 0.999999 796.305298 1245.194824 1285.397583 1504.633057
L-ZJY-05 0.999989 114.644196 1133.574463 832.270142 1545.150879
L-ZJY-06 1.000000 1436.944580 953.071533 2018.425537 1269.500244
L-ZJY-07 1.000000 895.165039 1684.344360 1429.782471 1970.523315
L-ZJY-07 1.000000 51.996277 1626.673096 577.569336 1934.968018
L-ZJY-07 0.999587 1997.936890 1717.212402 2629.499023 2059.788330
L-ZJY-08 0.999999 864.266479 1308.650513 1575.964478 1761.983276
L-ZJY-09 0.999997 275.351135 73.559433 1018.768250 530.852234
L-ZJY-10 1.000000 626.187378 840.379089 1227.662598 1209.303467
L-ZJY-11 0.999998 1113.056152 83.244171 1774.505371 435.110809
L-ZJY-12 1.000000 32.549133 156.749969 568.345825 455.885895
L-ZJY-13 0.999985 1183.373779 1838.463989 1869.298584 2254.277588
L-ZJY-14 0.999999 1050.151855 71.678101 1806.800049 457.074585
L-ZJY-15 0.999991 959.567627 1919.284790 1646.573242 2361.993652
L-ZJY-16 0.996439 255.156799 2017.891113 919.740784 2433.613770
L-ZJY-17 1.000000 1888.898682 795.870117 2517.438232 1132.760132
L-ZJY-18 0.999971 544.716553 1891.538818 1180.719360 2283.384521
L-ZJY-19 1.000000 77.680969 85.904831 722.862305 485.984802
L-ZJY-19 1.000000 1875.215454 2413.364258 2469.765137 2757.741211
L-ZJY-20 0.999998 395.814484 48.514008 1098.112549 484.148407
L-ZJY-21 0.999994 1092.213379 1358.009155 1745.266357 1782.815063
L-ZLS-01 1.000000 553.613403 612.251587 1038.419678 905.498901
L-ZLS-01 0.999998 1187.037598 621.607544 1667.169189 901.115723
L-ZLS-01 0.999530 919.383057 84.361420 1400.530273 354.911804
L-ZLS-02 1.000000 43.403046 1513.510010 561.534912 1837.621094
L-ZLS-02 1.000000 640.501953 1554.903442 1086.508789 1875.053589
L-ZLS-02 0.999993 848.794739 72.550079 1409.321533 486.832184
L-ZLS-02 0.999932 377.490173 845.032715 900.808777 1185.437866
L-ZLS-05 0.996927 66.187347 727.845154 592.761108 1072.534668
L-ZLS-06 0.999996 835.986206 58.228790 1401.490112 408.959778
L-ZLS-07 0.999984 957.513245 33.292374 1598.388672 435.443298
L-ZLS-08 1.000000 729.268494 1026.798218 1122.636230 1339.026245
L-ZLS-09 0.999994 429.771454 75.560822 909.025024 385.076569
L-ZLS-10 0.999998 428.223083 868.390076 897.272522 1223.599609
L-ZLS-11 1.000000 1353.790649 48.622192 1847.951538 413.136475
L-ZLS-12 0.999996 61.826080 47.048309 587.658325 396.609924
L-ZLS-13 0.998446 1038.886230 1546.039795 1545.414795 1926.247803
L-ZLS-14 0.990178 228.326508 1313.692505 697.067139 1644.112671
L-ZLS-15 0.999961 701.271790 1667.076660 1228.831787 2044.377686
L-ZLS-16 0.999999 294.063293 1798.815308 788.525208 2135.624268
L-ZLS-17 0.999969 1367.150024 683.930969 1940.047485 1042.699951
L-ZLS-18 0.999999 393.439941 1770.986450 944.994995 2164.244873
L-ZLS-19 1.000000 1418.297363 2278.392334 1985.793945 2644.154541
L-ZLS-19 1.000000 28.208832 55.374863 635.698364 419.509888
L-ZLS-20 0.999958 461.998749 79.496399 948.859131 420.675629
L-ZLS-21 0.999975 1762.396484 2121.242920 2702.797852 2808.055908
L-ZRY-01 0.999999 931.298462 68.018219 1547.996948 446.940277
L-ZRY-01 0.999998 537.953857 812.591553 1044.122437 1144.075562
L-ZRY-01 0.999990 1278.394409 825.739807 1889.830444 1153.130859
L-ZRY-02 1.000000 76.762909 1554.432007 611.381470 1911.324097
L-ZRY-02 0.999998 482.142151 809.553467 1057.667725 1172.257935
L-ZRY-02 0.999984 772.006409 1467.959473 1354.592285 1827.437988
L-ZRY-02 0.999949 952.630066 87.772263 1614.493164 541.717773
L-ZRY-05 0.999965 71.785858 685.103394 680.807617 1048.416382
L-ZRY-06 1.000000 1257.485474 737.140625 1810.793335 1139.473633
L-ZRY-07 0.999992 891.855225 1474.534058 1425.687988 1862.211304
L-ZRY-07 0.999970 93.265625 1414.007812 652.134033 1799.166504
L-ZRY-08 0.999984 1080.798828 1407.707397 1666.724609 1786.870483
L-ZRY-09 0.999991 524.748779 69.942780 1267.817993 516.740356
L-ZRY-10 1.000000 767.018555 934.460999 1459.135986 1361.283447
L-ZRY-11 0.999995 983.571533 52.523972 1724.621338 509.817688
L-ZRY-12 1.000000 65.086212 60.762344 696.529175 453.909912
L-ZRY-13 1.000000 1629.231934 1852.658691 2215.442383 2199.949951
L-ZRY-14 0.999995 1164.262451 72.278732 1762.891357 451.318115
L-ZRY-15 0.999998 821.353271 1829.500854 1481.204346 2264.362549
L-ZRY-16 0.999995 437.026245 2150.812256 1036.170654 2551.029541
L-ZRY-17 1.000000 1495.326294 714.453186 2015.922241 1071.387939
L-ZRY-18 0.999984 483.764343 1631.626587 1018.458679 1999.468628
L-ZRY-19 1.000000 1640.914429 2734.137451 2265.171387 3235.905029
L-ZRY-19 1.000000 95.870941 143.170258 747.035889 630.809570
L-ZRY-20 0.999995 594.003052 85.555527 1145.968018 477.616028
L-ZRY-21 1.000000 844.805420 1355.070557 1395.454834 1776.715332
L-ZRY-21 0.011520 23.505096 1687.391113 599.883911 2156.851318
L-ZTQ-01 1.000000 613.534546 901.757507 1331.411743 1253.689209
L-ZTQ-01 0.999999 1626.649536 873.203796 2367.314941 1172.513184
L-ZTQ-01 0.999993 1023.963806 60.188271 1678.206787 313.821167
L-ZTQ-02 1.000000 129.050232 1990.132935 736.145325 2342.411621
L-ZTQ-02 1.000000 990.482300 2034.292114 1683.739624 2403.709473
L-ZTQ-02 0.999995 664.503906 1019.400757 1349.417969 1379.659302
L-ZTQ-02 0.999990 1119.225830 59.744308 1907.221680 417.403809
L-ZTQ-05 0.999990 67.680969 857.126160 768.411560 1258.845947
L-ZTQ-06 1.000000 1251.277466 1501.311646 1901.694214 1850.001343
L-ZTQ-07 1.000000 58.571320 2163.284912 661.359985 2496.472412
L-ZTQ-07 0.999999 932.230835 2170.291992 1673.209106 2544.156738
L-ZTQ-08 0.999999 967.376099 1910.640015 1641.710815 2302.071533
L-ZTQ-09 0.999998 476.433167 108.401764 1251.986328 461.629303
L-ZTQ-10 0.999998 780.150635 1276.283447 1476.569336 1616.002197
L-ZTQ-11 1.000000 906.197998 42.343719 1755.486816 412.445892
L-ZTQ-12 1.000000 71.866760 52.751846 756.604248 413.446045
L-ZTQ-13 0.999979 1147.325806 2141.262207 2019.855103 2575.595703
L-ZTQ-14 0.999997 1090.404297 47.514191 2099.641602 488.270355
L-ZTQ-15 1.000000 1029.898438 1829.829468 1718.932129 2172.006592
L-ZTQ-16 0.999956 400.080139 2225.362305 1121.790527 2604.084961
L-ZTQ-17 0.999987 1873.752563 1210.644653 2701.152832 1593.799438
L-ZTQ-18 0.999999 639.890686 2310.549072 1264.704590 2646.761963
L-ZTQ-19 1.000000 1711.286987 2641.918945 2545.924561 3018.747070
L-ZTQ-19 0.999945 459.719269 58.904663 1323.199097 461.559448
L-ZTQ-20 0.999992 568.587280 56.428421 1375.709106 428.990112
L-ZTQ-21 1.000000 893.234375 1487.868408 1616.823486 1819.079102
L-ZYL-01 1.000000 621.342407 746.334412 1191.507812 1023.245422
L-ZYL-01 0.999999 1750.884033 789.589417 2292.968506 1058.663574
L-ZYL-01 0.999987 1110.431030 94.264450 1708.115845 396.960999
L-ZYL-02 0.999999 556.121643 709.753296 1108.114014 1028.761963
L-ZYL-02 0.999998 88.716522 1454.466675 701.976318 1760.317261
L-ZYL-02 0.999996 1009.002075 64.513596 1643.087524 407.988220
L-ZYL-02 0.999871 852.313232 1463.603027 1440.303711 1783.179932
L-ZYL-05 0.999989 88.254333 726.368225 663.215088 1018.823303
L-ZYL-06 1.000000 1261.638672 700.648682 1892.683350 1061.897827
L-ZYL-07 0.999999 748.397827 1345.148071 1294.020142 1695.182251
L-ZYL-07 0.999972 64.895294 1349.077148 669.312256 1679.055664
L-ZYL-09 1.000000 604.518799 53.826035 1416.251221 470.425049
L-ZYL-10 0.999994 1031.754028 1232.975830 1905.084106 1730.206299
L-ZYL-11 0.999991 1394.079834 100.167114 2278.996338 643.343994
L-ZYL-12 0.999995 69.014923 54.623932 814.019287 478.780121
L-ZYL-13 0.999999 2006.404053 2154.654541 2907.939697 2679.077881
L-ZYL-14 1.000000 1505.162109 57.281097 2301.381592 475.683258
L-ZYL-15 0.999999 1015.059204 1645.004395 1702.445679 2050.418945
L-ZYL-16 0.999999 558.606873 2328.635498 1267.617676 2750.343994
L-ZYL-17 1.000000 1340.951416 641.827881 1959.012207 1011.585938
L-ZYL-18 1.000000 754.034912 1502.447144 1320.923584 1843.705200
L-ZYL-19 0.999995 1891.936035 2364.769287 2679.960449 2794.580322
L-ZYL-19 0.999989 148.195709 106.745880 962.360352 553.456055
L-ZYL-20 1.000000 685.730957 75.885910 1504.031738 557.839050
L-ZYR-01 1.000000 508.624664 853.745056 1207.789185 1164.072754
L-ZYR-01 1.000000 1040.551270 104.920761 1723.910889 406.256287
L-ZYR-01 0.999999 1806.312256 852.724060 2399.375244 1136.735474
L-ZYR-02 0.999997 1147.517090 65.465103 1878.040283 437.714417
L-ZYR-02 0.999992 579.391724 788.931519 1231.431641 1123.770874
L-ZYR-02 0.999992 1017.817871 1646.629639 1599.556152 1989.795898
L-ZYR-02 0.999967 103.837280 1572.532715 790.723022 1960.227051
L-ZYR-05 0.999986 58.099670 804.814636 700.844238 1148.659912
L-ZYR-06 1.000000 1342.464600 768.713501 1932.221924 1097.126953
L-ZYR-07 1.000000 129.260193 1328.983643 773.747070 1642.769531
L-ZYR-07 1.000000 1062.694824 1360.826538 1613.855469 1645.606567
L-ZYR-08 0.999999 1269.070801 1875.375977 2102.653076 2235.403809
L-ZYR-09 1.000000 974.106750 73.501602 1857.130127 524.979736
L-ZYR-10 1.000000 1032.479004 1148.025513 1941.296387 1583.954468
L-ZYR-11 0.999437 1406.223145 1.000000 2335.487793 426.240814
L-ZYR-12 1.000000 1.000000 34.177353 943.457642 471.037415
L-ZYR-13 1.000000 2145.623291 1981.192993 2995.308350 2377.220459
L-ZYR-14 0.999974 1417.770142 1.000000 2280.274170 400.599243
L-ZYR-15 0.999996 1344.723877 2220.329590 2218.196533 2748.515625
L-ZYR-16 0.999989 423.235016 2283.931396 1293.816040 2690.825928
L-ZYR-17 0.999987 1859.301270 819.532776 2528.618164 1151.449951
L-ZYR-18 1.000000 797.477417 1500.911987 1477.959839 1817.573364
L-ZYR-19 1.000000 2201.223145 3362.407715 3098.000000 3815.221191
L-ZYR-19 1.000000 2.273560 113.869095 925.496155 579.847290
L-ZYR-20 0.999999 805.394531 79.164062 1715.629883 503.577698
L-ZYR-21 1.000000 1270.448730 1741.828003 2218.909180 2114.586914
L-ZZY-01 1.000000 445.136780 517.571411 734.333191 737.578491
L-ZZY-01 1.000000 895.185791 520.755493 1160.293945 702.011597
L-ZZY-01 0.999991 579.377930 72.988976 981.585571 273.760040
L-ZZY-02 1.000000 552.155029 1727.457275 952.434082 2016.341064
L-ZZY-02 0.999992 734.334106 43.380859 1460.133179 410.747192
L-ZZY-02 0.999992 121.479553 831.008545 845.449463 1286.718018
L-ZZY-02 0.999951 33.920120 1737.554810 457.920044 2093.805420
L-ZZY-05 0.963217 78.592957 611.137878 621.245239 983.301575
L-ZZY-06 1.000000 616.196228 48.723114 1039.962158 293.708557
L-ZZY-07 0.999957 776.299805 59.005493 1233.463989 365.134949
L-ZZY-08 0.999999 563.990906 906.259888 924.241272 1148.769165
L-ZZY-09 0.999858 263.829956 76.997520 633.547180 313.623962
L-ZZY-10 1.000000 390.990204 553.055420 719.549561 780.991089
L-ZZY-11 0.999998 902.520752 41.017151 1328.298340 285.729706
L-ZZY-12 0.999999 55.864899 64.056030 411.973083 290.974091
L-ZZY-13 1.000000 1009.066650 893.249268 1309.923096 1105.352783
L-ZZY-14 0.999994 165.768204 1007.488098 532.552551 1232.821289
L-ZZY-15 1.000000 678.198669 1118.461792 971.370178 1355.180054
L-ZZY-16 0.999888 402.478394 1146.506836 671.565063 1341.827148
L-ZZY-17 0.997733 1536.968750 711.285156 2015.825928 1015.855591
L-ZZY-18 0.999298 450.673035 1195.231201 928.418396 1543.504883
L-ZZY-19 1.000000 1093.373657 1570.736450 1398.043091 1787.031616
L-ZZY-19 0.999994 83.732056 215.922958 404.218018 444.953491
L-ZZY-20 1.000000 308.238983 58.872566 643.147217 246.823120
L-ZZY-21 0.999998 619.958862 767.757324 950.242188 979.907227
L-ZZY1-01 0.999990 938.529297 31.899902 1502.850342 327.557892
L-ZZY1-01 0.999945 1375.394287 692.851562 1937.055420 1068.079590
L-ZZY1-01 0.999883 406.738373 651.669739 969.506470 1090.684204
L-ZZY1-02 0.999997 47.044434 1293.181152 470.408813 1556.614746
L-ZZY1-02 0.999985 543.645874 1334.516479 939.915161 1635.154419
L-ZZY1-02 0.999971 402.342438 642.139648 870.696655 955.240234
L-ZZY1-02 0.999932 826.340149 25.377274 1344.446533 363.062561
L-ZZY1-05 0.999782 75.062744 909.541077 513.836792 1222.596191
L-ZZY1-06 0.999999 867.853821 30.596481 1310.395752 338.945129
L-ZZY1-07 1.000000 1024.608276 63.739273 1437.032104 359.769348
L-ZZY1-08 1.000000 649.505920 1055.967773 1169.396973 1286.481201
L-ZZY1-09 0.999980 363.692535 53.477203 800.688599 367.540894
L-ZZY1-10 1.000000 509.577820 1218.717896 951.130188 1542.200317
L-ZZY1-11 1.000000 1358.697021 52.446335 1778.924316 363.388672
L-ZZY1-12 0.999996 42.829453 47.511612 542.274231 454.966858
L-ZZY1-13 0.999942 1083.634033 1715.720215 1612.526367 2040.582031
L-ZZY1-14 0.997540 109.116501 1493.708374 600.544434 1901.381714
L-ZZY1-15 0.999985 682.035889 1585.940430 1198.539551 1934.121582
L-ZZY1-16 0.999988 167.815826 1445.607056 644.616943 1754.127808
L-ZZY1-17 0.997834 1305.064697 778.495728 1790.938965 1144.220703
L-ZZY1-18 0.702295 423.504028 1546.025146 816.878784 1850.630615
L-ZZY1-19 1.000000 1265.236572 1961.929932 1767.240723 2284.978271
L-ZZY1-19 0.999975 165.370697 56.938126 701.381470 420.092041
L-ZZY1-20 0.999941 496.901093 55.472214 926.677246 379.532593
L-ZZY1-21 0.999980 651.841064 1125.616333 1105.743042 1459.232056
