L-CJB-02 0.999997 1197.338989 466.534912 1369.606812 641.845093
L-CJB-02 0.999678 1674.681030 454.484314 1830.646851 666.273132
L-CJB-03 0.011358 1559.594116 504.002441 1701.890503 682.081909
L-CJB-03 0.999955 1166.014648 518.512451 1294.069824 663.153442
L-CJB-04 0.999999 666.922302 1386.006104 828.814270 1550.539062
L-CJB-04 0.009921 1599.166138 442.512878 1748.575806 554.513550
L-CJB-04 0.999992 410.703461 1406.294678 559.599487 1549.830566
L-CJB-06 0.999998 1121.465820 547.401611 1261.800293 703.469849
L-CJB-06 0.999976 1374.583862 545.681519 1540.787476 700.251709
L-CJB-06 0.999843 1652.454712 517.434814 1776.812134 654.828857
L-CJB-07 0.999985 870.432922 1508.105103 1019.419739 1640.708862
L-CJB-07 0.999984 578.695740 1502.298950 720.092712 1659.089722
L-CJB-17 0.999998 758.622559 1347.784912 903.450806 1469.555664
L-CJB-17 0.999992 443.689484 1366.902100 572.772095 1497.874756
L-CJB-17 0.999893 2192.547852 1168.100464 2307.495605 1277.208862
L-CJB-17 0.998340 2353.589844 1165.152100 2481.662598 1277.352051
L-CJB-18 0.999948 1465.486694 522.994324 1602.614624 638.924377
L-CJB-18 0.999869 1643.258789 520.240417 1761.375244 648.437073
L-CJB-18 0.999633 1253.299927 517.030701 1383.123169 649.960022
L-CXP-02 0.999998 1640.001343 381.132538 1823.733276 564.224304
L-CXP-02 0.999972 1250.445068 391.095398 1475.055664 596.092468
L-CXP-03 0.999906 1642.683594 425.531677 1804.279053 564.524597
L-CXP-03 0.999878 1312.278931 417.144745 1453.321655 554.199402
L-CXP-04 0.999995 777.851624 1240.216553 965.501892 1413.949951
L-CXP-04 0.999993 540.611755 1238.614258 685.717834 1379.891602
L-CXP-06 0.999993 1413.927368 377.636047 1558.880249 496.080872
L-CXP-06 0.999967 1219.954468 383.184540 1354.975708 506.785004
L-CXP-06 0.999903 1623.029297 375.842529 1768.064209 486.070190
L-CXP-07 0.999998 528.417542 1158.282227 681.306335 1290.965576
L-CXP-07 0.999947 778.309265 1143.036499 918.846741 1267.507446
L-CXP-17 0.995261 2311.343018 1200.545044 2425.259033 1328.232056
L-CXP-17 0.999879 865.532959 1122.639648 1023.770630 1269.054932
L-CXP-17 0.999718 607.667358 1119.895874 762.412842 1282.365601
L-CXP-17 0.999058 2164.816650 1196.801758 2290.241455 1314.298096
L-CXP-18 0.999995 1313.304443 359.175354 1487.098633 480.783081
L-CXP-18 0.999980 1163.482422 357.910278 1284.395508 482.845581
L-CXP-18 0.998059 1011.891113 346.011902 1138.512451 466.373596
L-CYQ-02 0.999999 1779.534180 345.749725 1973.756104 557.196045
L-CYQ-02 0.999993 1224.281982 421.678467 1411.925049 621.920166
L-CYQ-03 0.999993 1995.648560 453.961823 2207.557373 655.151672
L-CYQ-03 0.999973 1475.519287 460.090210 1670.501953 646.945557
L-CYQ-04 0.999991 759.943665 1368.545410 934.446838 1555.153320
L-CYQ-04 0.999955 497.307983 1392.763672 687.429810 1574.381348
L-CYQ-06 1.000000 1739.313843 516.171570 1948.916138 702.327454
L-CYQ-06 1.000000 1413.950317 500.256744 1596.283569 690.779907
L-CYQ-06 0.999975 1060.677246 542.998047 1218.168213 735.152588
L-CYQ-07 0.999995 385.710938 1519.159668 570.615356 1717.716797
L-CYQ-07 0.999537 819.750488 1495.629395 999.581787 1677.561523
L-CYQ-16 0.007298 1606.453369 70.341248 2496.688232 499.128967
L-CYQ-17 0.999996 2186.476074 1406.751343 2326.831543 1562.830200
L-CYQ-17 0.999995 1936.901245 1399.594971 2108.868408 1566.870117
L-CYQ-17 0.999987 808.645325 1387.750732 972.267395 1581.338379
L-CYQ-17 0.999924 518.110901 1406.032593 672.488586 1554.585571
L-CYQ-18 0.999998 2098.496826 534.793274 2303.566162 723.020691
L-CYQ-18 0.999979 1876.098877 525.717285 2022.383301 720.983765
L-CYQ-18 0.999888 1735.847046 507.231567 1905.165649 709.372681
L-FMZ-02 0.999998 775.887817 248.244644 890.339600 355.651062
L-FMZ-02 0.999997 1078.011719 222.614395 1217.249512 343.069977
L-FMZ-03 1.000000 1014.602783 186.562286 1151.351074 300.316803
L-FMZ-03 0.999999 764.342773 182.405792 882.046387 281.208649
L-FMZ-04 0.999998 341.983459 867.051331 481.404419 969.320374
L-FMZ-04 0.999992 554.222168 826.919250 688.007324 919.613953
L-FMZ-17 1.000000 595.959534 858.184998 736.706482 969.963074
L-FMZ-17 1.000000 325.577332 853.361084 477.058472 980.408447
L-FMZ-17 0.999987 1559.142578 859.057190 1684.521973 950.859558
L-FMZ-17 0.999984 1339.269165 880.787598 1451.073364 982.161255
L-FMZ-18 0.999998 1203.243286 333.750916 1323.397095 450.973328
L-FMZ-18 0.999920 977.856689 318.776093 1098.260986 433.965424
L-FMZ-18 0.999899 1360.392822 263.048004 1479.891357 385.249725
L-GJJ-01 0.206282 1739.157227 390.402374 1860.890625 466.050140
L-GJJ-01 0.005761 1283.960449 370.898651 1462.980469 513.003845
L-GJJ-02 0.999971 1321.812988 397.768524 1479.861084 545.886353
L-GJJ-02 0.999998 1749.517212 395.020386 1917.284058 565.728333
L-GJJ-03 0.999999 1722.239136 336.957336 1893.705200 494.559875
L-GJJ-03 0.999201 1434.993408 322.482788 1623.263184 492.052673
L-GJJ-04 0.999997 451.095337 1147.304077 622.715454 1307.767456
L-GJJ-04 0.999942 695.409485 1173.292603 862.124451 1317.653198
L-GJJ-06 0.999999 1732.300781 418.120453 1892.178467 556.012573
L-GJJ-06 0.999992 1496.427002 401.085114 1646.232178 540.028442
L-GJJ-06 0.999823 1281.886475 400.882172 1409.208252 535.072632
L-GJJ-07 1.000000 781.302917 1127.421143 929.068298 1246.753418
L-GJJ-07 0.998104 487.921814 1106.752441 667.990784 1256.278564
L-GJJ-17 0.999997 1838.551758 1090.005005 1996.837402 1226.477905
L-GJJ-17 0.999996 716.708313 1061.360107 864.174500 1199.287109
L-GJJ-17 0.999994 2067.455811 1096.969482 2221.409912 1227.564941
L-GJJ-17 0.999965 459.315155 1055.480103 586.286621 1183.521851
L-GJJ-18 0.999967 1205.697754 429.024170 1320.726074 552.773010
L-GJJ-18 0.999944 1394.729614 441.503540 1519.185425 558.450562
L-GJJ-18 0.999927 1546.615234 442.571899 1685.698242 575.898376
L-GYC-02 0.999996 1075.858276 320.063354 1252.255737 480.930725
L-GYC-02 0.999990 1655.759155 323.055939 1835.917114 505.531525
L-GYC-03 0.999999 1096.544312 347.783142 1298.322388 506.809204
L-GYC-03 0.999929 1671.862305 336.247711 1952.143311 576.319458
L-GYC-04 0.999998 391.932709 1121.169067 571.700500 1258.540405
L-GYC-04 0.999868 758.350952 1128.380249 955.653320 1272.007202
L-GYC-06 0.999997 984.462463 397.891235 1142.681519 542.341553
L-GYC-06 0.999948 1349.872070 424.887268 1518.462402 556.292480
L-GYC-06 0.999448 1803.995239 295.704559 1963.800415 438.993256
L-GYC-17 0.999986 501.219879 1083.762207 662.723877 1208.998291
L-GYC-17 0.999967 894.998169 1066.812622 1045.940308 1188.484253
L-GYC-17 0.999941 2012.101562 1030.021973 2205.549316 1152.816895
L-GYC-17 0.999775 2326.350586 1014.950317 2490.386719 1146.935669
L-GYC-18 0.999999 1884.480957 502.328186 2065.437012 643.914001
L-GYC-18 0.999970 1583.487549 542.867676 1745.276367 665.439453
L-GYC-18 0.999908 1325.455444 573.193909 1481.517700 730.404236
L-GZZ-02 0.999962 708.222778 269.239532 795.380859 349.214996
L-GZZ-02 0.999929 1018.870972 266.470398 1104.846558 354.566528
L-GZZ-03 0.999186 714.287720 299.748718 800.268555 385.207092
L-GZZ-03 0.998626 983.359619 289.097076 1066.257935 387.705597
L-GZZ-04 0.999947 595.719849 994.557556 685.472778 1072.696045
L-GZZ-04 0.999647 346.987366 1009.131470 423.443115 1079.919556
L-GZZ-17 0.999977 360.818970 830.587769 449.037415 915.561890
L-GZZ-17 0.999947 1526.360962 888.379639 1612.097046 957.639771
L-GZZ-17 0.999860 1776.127197 871.560242 1864.560791 938.770691
L-GZZ-17 0.999833 677.553894 803.837769 763.393005 888.117188
L-GZZ-18 0.999989 1335.463745 303.192139 1414.598999 386.438416
L-GZZ-18 0.999934 908.341675 294.469177 989.532715 376.994690
L-GZZ-18 0.996157 1116.367554 355.555176 1188.428345 431.316528
L-HPY-02 1.000000 1822.167603 363.917725 1985.605835 526.236084
L-HPY-02 0.999954 1285.385864 403.819824 1439.923462 524.893188
L-HPY-03 1.000000 1621.246216 369.152985 1779.450073 519.896973
L-HPY-03 0.999997 1224.410645 330.875061 1353.845947 458.342468
L-HPY-04 0.999993 633.273315 1199.301147 811.308838 1342.323364
L-HPY-04 0.999989 356.972748 1280.618530 533.829590 1429.929810
L-HPY-06 0.999981 1855.715820 301.222412 2008.277100 459.054626
L-HPY-06 0.999883 1576.346558 438.661438 1733.932983 578.030640
L-HPY-06 0.999849 1222.870117 427.891785 1345.443604 550.749512
L-HPY-07 0.999999 981.836182 1106.431396 1133.046875 1251.693359
L-HPY-07 0.999976 532.754883 1108.531006 679.299438 1248.856934
L-HPY-17 0.999999 2033.608887 1091.536987 2169.580078 1205.439331
L-HPY-17 0.999993 380.743591 1085.592285 519.226685 1233.842529
L-HPY-17 0.999979 1781.167603 1128.454712 1921.321899 1250.034058
L-HPY-17 0.998932 785.281006 1069.941406 932.543335 1212.324219
L-HPY-18 0.999993 1568.434204 299.807648 1679.489380 425.651642
L-HPY-18 0.999976 1407.761963 361.258759 1521.157471 478.337311
L-HPY-18 0.998952 1109.182861 335.673279 1218.261719 454.220032
L-HX-02 0.999997 1352.800049 254.733551 1520.861572 357.607025
L-HX-02 0.999938 1840.732666 254.778046 1965.031006 376.781342
L-HX-03 0.999976 1837.407715 265.808716 1983.410645 379.305908
L-HX-03 0.999821 1462.871216 251.321289 1611.092407 344.662537
L-HX-04 1.000000 265.535309 1134.659180 443.564423 1273.929688
L-HX-04 1.000000 592.471436 1136.376587 749.669189 1255.843384
L-HX-06 0.999997 1334.198975 281.615845 1483.604492 425.340942
L-HX-06 0.999981 1882.194336 254.159485 2033.778320 416.513184
L-HX-06 0.999802 1610.589355 324.020813 1766.070312 465.492615
L-HX-07 0.999985 1135.111572 1134.974243 1299.740723 1295.237915
L-HX-07 0.999493 618.924988 1140.207764 777.269714 1284.112793
L-HX-17 1.000000 313.447632 999.547485 498.550842 1132.780151
L-HX-17 1.000000 1766.133667 1120.673462 1936.313599 1278.147095
L-HX-17 1.000000 646.957947 1014.903748 807.563782 1156.501465
L-HX-17 0.999999 1987.164551 1126.273682 2150.300293 1264.950928
L-HX-18 0.999998 1884.067871 335.815186 2055.719971 464.166138
L-HX-18 0.999988 1623.381348 345.844513 1777.619141 475.921600
L-HX-18 0.999974 337.394135 353.604950 476.173248 492.175629
L-HX-18 0.999786 1309.467041 294.132782 1455.413086 445.243439
L-LBS-02 0.999999 747.737854 295.084900 913.662781 444.792725
L-LBS-02 0.999999 1180.940674 314.706818 1353.473633 483.031158
L-LBS-03 0.999996 856.447754 460.855042 1039.621216 614.410828
L-LBS-03 0.999961 1319.506836 436.621521 1509.312988 581.217163
L-LBS-04 0.999994 484.051147 1123.662964 610.847412 1246.425171
L-LBS-04 0.999992 220.489166 1154.749390 350.186371 1283.050903
L-LBS-17 0.999999 315.566040 1157.172974 493.449951 1329.884888
L-LBS-17 0.999984 1604.186157 1125.022339 1723.807739 1242.896606
L-LBS-17 0.999980 784.924927 1189.156494 905.511475 1333.692627
L-LBS-17 0.999961 1873.869019 1141.066162 2005.196167 1291.843018
L-LBS-18 0.999997 1294.306519 343.335358 1416.553101 505.979950
L-LBS-18 0.999992 1046.366943 416.183990 1167.802979 573.297974
L-LBS-18 0.999983 864.924988 381.870636 976.547668 506.546295
L-LBS-18 0.015092 51.357239 169.750595 627.626892 516.299927
L-LOW-02 1.000000 1404.513916 361.579407 1576.599121 549.801636
L-LOW-02 0.999997 1094.716919 375.906921 1292.419067 549.487854
L-LOW-03 0.999997 1518.255737 469.441345 1710.294312 640.029114
L-LOW-03 0.999990 1287.760864 443.684143 1455.703735 610.032410
L-LOW-04 1.000000 497.847107 1177.561890 681.898499 1352.492065
L-LOW-04 0.999999 708.247681 1187.090088 889.714600 1364.964844
L-LOW-06 1.000000 1409.277832 454.052216 1605.239014 618.713013
L-LOW-06 0.999998 1650.602905 468.163696 1802.071167 639.557251
L-LOW-06 0.999946 1198.653931 451.897278 1363.685425 592.366516
L-LOW-07 1.000000 728.612793 1291.462280 909.948730 1458.416138
L-LOW-07 1.000000 504.626770 1281.656860 689.892029 1454.960083
L-LOW-17 1.000000 2099.457031 1024.485107 2326.546387 1209.070801
L-LOW-17 1.000000 1838.240356 1031.183594 2032.417603 1197.185059
L-LOW-17 0.999999 778.441406 1041.381104 953.586670 1218.259766
L-LOW-17 0.999999 463.336914 1060.631470 668.455200 1260.962524
L-LOW-18 0.999999 1479.137695 367.773743 1634.058105 511.378845
L-LOW-18 0.999984 1136.153931 387.307587 1336.313599 543.583984
L-LOW-18 0.999982 1302.032227 380.324402 1467.548340 547.716614
L-LYC-02 0.999992 1776.589722 331.239685 1890.223267 430.287292
L-LYC-02 0.999404 1484.294556 328.868469 1587.077515 419.762268
L-LYC-03 0.999958 1704.830811 341.957672 1852.912109 460.161957
L-LYC-03 0.999934 1390.501099 328.672363 1516.459839 455.764771
L-LYC-04 0.999992 480.514435 1191.519043 607.468994 1311.315674
L-LYC-04 0.999974 700.750305 1189.498047 845.120544 1315.447998
L-LYC-06 0.999999 1147.854248 393.724274 1274.687012 518.498840
L-LYC-06 0.999994 1459.012451 420.432190 1600.403320 534.743835
L-LYC-06 0.999965 1716.039185 402.322174 1845.600464 514.495605
L-LYC-07 0.999955 1012.476379 1275.639404 1161.308472 1391.410156
L-LYC-07 0.999850 674.864014 1260.116211 813.564697 1349.599609
L-LYC-17 0.999739 664.662598 1135.560547 787.173218 1242.463379
L-LYC-17 0.999741 2009.599976 1146.080566 2114.677490 1246.703369
L-LYC-17 0.999892 341.161865 1140.526001 469.703979 1264.507690
L-LYC-17 0.999791 1732.491455 1138.843262 1838.440430 1251.753906
L-LYC-18 0.999981 1437.055176 490.139221 1547.755371 591.825867
L-LYC-18 0.999934 1998.322632 469.652771 2141.822998 582.734192
L-LYC-18 0.998863 1718.185303 509.466278 1841.154297 650.503113
L-LYL-02 0.999991 1885.375122 397.605438 2025.832153 564.677368
L-LYL-02 0.999981 1203.849243 488.566223 1385.239380 646.770447
L-LYL-03 0.999995 1118.711182 441.708710 1260.972412 580.494995
L-LYL-03 0.999900 1523.217773 437.985168 1720.930420 600.197815
L-LYL-04 0.999979 371.836182 1367.828125 528.109070 1487.903809
L-LYL-04 0.999963 629.066528 1366.524658 810.947144 1502.595703
L-LYL-05 0.995869 769.537720 31.729492 1475.866089 421.069580
L-LYL-06 0.999996 1275.683228 509.659271 1455.364624 650.829590
L-LYL-06 0.999996 1672.393677 433.360413 1825.187378 580.675354
L-LYL-06 0.999959 938.814819 473.602875 1079.777100 603.609436
L-LYL-07 0.999996 584.574219 1228.734131 720.168457 1352.385010
L-LYL-07 0.999961 922.194458 1269.546021 1077.007446 1397.215942
L-LYL-17 0.999999 440.417328 1360.949829 581.196533 1492.685913
L-LYL-17 1.000000 2027.925293 1128.738281 2222.096680 1252.365967
L-LYL-17 0.999978 903.772949 1378.272949 1050.434082 1475.998291
L-LYL-17 0.999997 2366.225586 1117.420166 2560.577148 1250.675049
L-LYL-18 0.999999 1661.814819 440.275879 1834.180542 594.762695
L-LYL-18 0.999967 2022.045532 320.184204 2151.666992 454.342834
L-LYL-18 0.999931 1439.110596 337.324310 1553.881104 481.147675
L-MJN-02 0.999990 1674.554932 339.444031 1814.106445 473.012207
L-MJN-02 0.999486 1188.529175 336.850403 1346.078247 473.424011
L-MJN-03 0.999995 1606.676514 400.394379 1814.011475 577.113647
L-MJN-03 0.999989 1094.735229 459.900757 1268.600952 594.467407
L-MJN-04 0.999925 603.171326 1372.364868 798.022034 1506.054321
L-MJN-04 0.999906 353.138977 1403.667969 517.413452 1518.177734
L-MJN-06 0.999999 1674.276733 372.400635 1840.609253 506.288635
L-MJN-06 0.999994 928.590271 458.797455 1089.131836 610.752380
L-MJN-06 0.999991 1398.798218 441.100220 1568.164673 570.323425
L-MJN-07 0.999965 2345.909668 1427.709961 2516.293457 1555.010742
L-MJN-07 0.999960 404.760406 1479.563110 569.266235 1627.401001
L-MJN-07 0.999807 922.579834 1480.325195 1083.307129 1599.756836
L-MJN-10 0.008871 527.984131 41.593582 1317.923950 454.606018
L-MJN-14 0.006598 90.289642 650.328308 825.843262 1112.570679
L-MJN-17 0.999999 959.016479 1117.829224 1156.873169 1265.998657
L-MJN-17 0.999997 473.812103 1124.112671 645.191223 1276.177124
L-MJN-17 0.999990 2295.711670 1096.831909 2530.485596 1269.109497
L-MJN-17 0.999981 1995.376099 1107.396973 2200.651367 1242.239746
L-MJN-18 0.999999 1765.667236 358.453918 1930.177246 518.242004
L-MJN-18 0.999993 1495.551392 418.848511 1679.730103 570.344971
L-MJN-18 0.999923 1190.295898 402.165344 1345.698730 570.057495
L-MJN-18 0.997113 45.635773 63.305435 734.440674 454.051086
L-MXR-02 0.999999 1401.952759 322.793304 1633.551392 507.385590
L-MXR-02 0.999735 982.058594 328.647705 1178.591064 535.670044
L-MXR-03 0.999967 1466.225098 501.379395 1633.852295 651.954590
L-MXR-03 0.999953 945.613464 467.498230 1182.846558 694.900452
L-MXR-04 0.999999 732.868286 1128.903442 911.297852 1298.064331
L-MXR-04 0.999997 455.235199 1132.623779 613.983704 1310.487549
L-MXR-06 1.000000 1378.272339 512.224976 1573.647095 677.447632
L-MXR-06 1.000000 1720.897705 400.173309 1925.816406 614.741760
L-MXR-06 0.999979 974.536072 489.715820 1144.218506 664.403442
L-MXR-07 0.999999 437.283447 1155.468994 655.920898 1301.197510
L-MXR-07 0.999982 950.386353 1177.338013 1148.334839 1333.806763
L-MXR-17 0.999999 505.114410 932.419189 675.265259 1119.228760
L-MXR-17 0.999996 2013.613159 918.540649 2181.775146 1093.782715
L-MXR-17 0.999995 1751.834839 925.668762 1887.861450 1061.329468
L-MXR-17 0.999988 894.665527 932.424866 1050.746094 1054.598999
L-MXR-18 0.999999 1230.802612 602.537109 1375.764282 744.416260
L-MXR-18 0.999979 1461.267822 565.786926 1607.478516 718.034241
L-MXR-18 0.999936 998.392578 578.739929 1143.265625 746.088806
L-MYC-02 1.000000 926.748474 318.349365 1108.952759 475.777405
L-MYC-02 0.999999 1362.701904 264.163330 1524.274414 438.022583
L-MYC-03 0.999929 987.537903 349.028473 1190.757080 518.578125
L-MYC-03 0.999878 1386.211914 269.799805 1595.208984 477.884094
L-MYC-04 1.000000 780.339355 1088.740967 989.784790 1254.800781
L-MYC-04 0.999999 456.215088 1164.268921 676.655640 1318.111694
L-MYC-06 0.999998 1330.355957 348.148712 1512.126221 492.426056
L-MYC-06 0.999592 1030.891724 330.571991 1234.282349 500.141510
L-MYC-06 0.999946 1565.714722 276.782898 1751.338745 456.416565
L-MYC-07 0.999992 437.948853 1162.881836 670.655884 1321.713867
L-MYC-07 0.999296 833.786316 1164.707886 1038.390137 1307.264038
L-MYC-17 0.999999 1714.654541 1296.265991 1890.524902 1442.980835
L-MYC-17 0.999989 364.136139 1055.157227 569.492981 1214.195312
L-MYC-17 0.999987 1993.667236 1267.545776 2180.221436 1418.057495
L-MYC-17 0.999918 751.163391 1043.496704 949.924377 1214.781860
L-MYC-18 0.995290 1501.805054 372.809387 1724.946167 584.127869
L-MYC-18 0.597967 1241.890381 408.433105 1468.042236 599.111023
L-MYC-18 0.322658 1003.785339 395.715057 1177.590942 579.410217
L-MYC-18 0.018848 69.225830 106.264801 613.357056 426.203033
L-RYP-02 0.999676 2551.096436 3057.049072 2851.594482 3312.119873
L-RYP-02 0.999996 1281.696289 672.539185 1596.655029 873.630005
L-RYP-02 0.999993 2032.508179 642.769165 2281.711914 907.135864
L-RYP-03 0.999997 2036.096313 673.419556 2280.073975 899.920288
L-RYP-03 0.999961 1436.870972 657.892822 1657.744019 879.337036
L-RYP-04 0.999996 427.569550 1790.461670 674.883911 2037.797119
L-RYP-04 0.999448 742.615723 1657.593262 1018.038330 1950.146973
L-RYP-06 0.999997 1618.347046 677.072510 1890.145386 954.481445
L-RYP-06 0.999998 2153.649414 620.119751 2394.542969 885.271729
L-RYP-06 0.998887 1021.287659 691.564453 1378.734375 1002.594116
L-RYP-07 0.999987 368.279297 1958.860107 699.305054 2251.097900
L-RYP-07 0.999998 2503.259277 1993.207275 2783.912109 2268.840576
L-RYP-07 0.999998 1088.686646 1874.215698 1386.713745 2123.309326
L-RYP-17 0.999997 2718.777344 1966.679077 2991.153320 2178.868652
L-RYP-17 0.999997 442.284027 1884.845337 696.637451 2128.375977
L-RYP-17 0.999994 991.493774 1869.828857 1249.895630 2084.742920
L-RYP-17 0.999960 2265.919678 1962.334351 2487.464111 2139.787842
L-RYP-18 0.999992 1909.739990 427.006561 2113.829590 671.993896
L-RYP-18 0.999931 1115.176880 429.404236 1340.629272 618.497742
L-RYP-18 0.999509 1521.853638 565.960632 1737.320190 783.592834
L-WJY-02 0.999999 2194.614990 517.917236 2411.729736 726.950562
L-WJY-02 0.999970 1660.621094 510.132904 1876.436523 736.968933
L-WJY-03 0.999997 2226.127930 677.969360 2478.505371 942.178711
L-WJY-03 0.999891 1694.701904 698.607727 1943.260742 897.979675
L-WJY-04 0.999993 1071.640137 1835.152222 1300.956299 2028.940796
L-WJY-04 0.999093 602.438660 1865.069092 806.735046 2021.514404
L-WJY-06 0.999881 2787.169189 654.764587 3012.912354 1000.686462
L-WJY-06 0.999999 2174.700439 747.851379 2468.069580 1037.186523
L-WJY-06 0.999198 1579.753174 760.464233 1781.901367 994.569214
L-WJY-07 1.000000 1020.395996 1665.360840 1257.417236 1865.379150
L-WJY-07 0.999999 545.940796 1717.934204 735.576050 1946.633179
L-WJY-17 0.999999 2869.795654 1707.360718 3146.377197 1977.898804
L-WJY-17 0.999995 523.573364 1871.310547 779.021851 2113.415771
L-WJY-17 0.999962 3412.947266 1639.658203 3630.640625 1824.944580
L-WJY-17 0.999830 1041.339600 1852.614746 1293.591064 2027.466309
L-WJY-18 0.999998 1842.861694 586.853027 2035.787476 777.225586
L-WJY-18 0.999880 2890.997803 702.821106 3072.147705 884.833191
L-WJY-18 0.999268 2213.121338 750.882935 2420.094971 964.081299
L-WXL-02 0.999996 1214.355713 276.787109 1342.616943 403.342896
L-WXL-02 0.999955 947.046265 288.255493 1073.457764 415.171082
L-WXL-03 1.000000 1169.999390 381.147583 1316.566772 500.713684
L-WXL-03 0.999943 944.867737 401.079224 1082.472046 536.209717
L-WXL-04 0.999996 618.689941 1162.190796 774.878296 1296.419800
L-WXL-04 0.996815 472.222168 1162.428223 628.755737 1305.450684
L-WXL-06 0.999790 1211.001465 422.070435 1343.994141 559.722595
L-WXL-06 0.999998 1605.120728 402.454987 1759.336548 546.205566
L-WXL-06 0.999999 1408.019531 418.357574 1542.368652 566.027893
L-WXL-07 0.999844 820.259949 1346.271729 1010.773499 1506.670166
L-WXL-07 0.999793 571.876770 1355.243164 740.224182 1496.967285
L-WXL-17 1.000000 2221.599365 1010.440796 2395.832275 1173.799927
L-WXL-17 0.999998 2034.989868 1012.762634 2200.987305 1171.063354
L-WXL-17 0.999974 578.114380 1070.828491 714.638306 1193.103882
L-WXL-17 0.999950 826.050598 1088.062744 969.072571 1211.903564
L-WXL-18 0.999999 921.073669 377.884186 1076.948242 516.537964
L-WXL-18 0.999996 1056.321899 384.193604 1208.338989 513.518616
L-WXL-18 0.999941 1214.343994 365.433472 1380.834717 491.662292
L-WZ-02 0.999998 1459.338379 260.298401 1582.469971 368.494934
L-WZ-02 0.999894 1068.205688 308.733398 1191.426147 415.546082
L-WZ-03 0.999987 1538.274658 298.473053 1678.893066 407.544647
L-WZ-03 0.999966 1137.114990 354.128601 1262.475342 473.051453
L-WZ-04 0.999967 864.234131 1096.736084 1009.551392 1221.345459
L-WZ-04 0.999907 604.419617 1109.282715 772.889832 1230.262939
L-WZ-06 0.999995 1395.840454 394.785217 1519.918091 526.829346
L-WZ-06 0.999931 1563.910278 410.001923 1711.795288 524.297058
L-WZ-06 0.999736 1891.646240 369.774353 2058.177734 515.076721
L-WZ-07 1.000000 758.260620 969.995544 900.253296 1083.461792
L-WZ-07 0.999999 488.283264 998.613892 631.307678 1112.940308
L-WZ-17 0.999997 451.163452 846.466858 616.005127 961.501282
L-WZ-17 0.999991 709.291565 858.966980 852.929138 984.696838
L-WZ-17 0.999882 1839.085815 875.084290 1983.274536 973.743347
L-WZ-17 0.999793 2057.934570 842.287537 2187.789551 958.679382
L-WZ-18 0.999998 1452.193848 297.117432 1561.985352 411.199646
L-WZ-18 0.999998 1205.025879 355.812103 1315.474121 454.420074
L-WZ-18 0.999982 1006.587891 298.995239 1120.218506 417.804932
L-WZ1-02 0.999986 831.890747 286.644379 996.114746 450.501068
L-WZ1-02 0.999203 1651.826782 1496.957642 1796.887085 1619.334106
L-WZ1-02 0.979252 1210.200562 264.258728 1353.189331 453.763733
L-WZ1-03 1.000000 892.952881 517.710571 1082.793701 677.431152
L-WZ1-03 0.999956 1492.423706 493.963287 1663.051392 651.788330
L-WZ1-04 0.999994 368.878296 1262.285278 523.472778 1381.051636
L-WZ1-04 0.999979 652.039185 1224.671753 810.312256 1360.262573
L-WZ1-06 1.000000 1054.945435 357.699097 1205.064819 501.183716
L-WZ1-06 0.999976 1322.221191 329.347961 1471.779541 452.676758
L-WZ1-06 0.999699 738.111267 359.946533 884.795593 518.334473
L-WZ1-07 0.999999 309.693176 1105.612793 432.828979 1214.241699
L-WZ1-07 0.999986 651.089661 1062.530396 758.712952 1178.456909
L-WZ1-17 0.999999 415.734802 1087.717773 585.079346 1276.377930
L-WZ1-17 0.999999 1772.916260 1158.221069 1890.804688 1317.082397
L-WZ1-17 0.999982 796.239624 1080.946777 972.265625 1250.206299
L-WZ1-17 0.999936 2142.340088 1138.823120 2297.523193 1296.110474
L-WZ1-18 0.999998 1295.728149 509.451508 1459.387329 651.114319
L-WZ1-18 0.999988 1558.943848 343.395599 1706.725098 476.220856
L-WZ1-18 0.999985 1058.392090 423.382355 1207.662842 600.048706
L-XTQ-02 0.999998 846.775269 298.298279 965.568237 415.255188
L-XTQ-02 0.999996 1322.144897 288.429291 1441.582397 413.709442
L-XTQ-03 0.999974 788.900024 304.082916 905.190186 417.007050
L-XTQ-03 0.999968 1206.488525 290.681458 1335.837646 411.327820
L-XTQ-04 1.000000 794.922791 1094.419189 977.245056 1284.930664
L-XTQ-04 1.000000 412.413147 1093.330078 604.967834 1283.103027
L-XTQ-06 1.000000 1465.092285 406.901581 1642.769531 582.334167
L-XTQ-06 1.000000 1041.055054 346.419495 1263.901245 543.062134
L-XTQ-06 0.999996 1834.509399 361.344116 2031.754761 533.458801
L-XTQ-07 1.000000 554.211548 1192.448853 724.370850 1367.397095
L-XTQ-07 0.999998 899.305664 1225.730225 1104.101807 1417.623047
L-XTQ-17 1.000000 416.795593 1093.402832 618.099060 1285.444092
L-XTQ-17 0.999968 914.919800 1121.190430 1110.098145 1290.400146
L-XTQ-17 0.999949 2206.495605 1353.214478 2362.123047 1511.414185
L-XTQ-17 0.999924 2659.986084 1373.530640 2817.824951 1519.096558
L-XTQ-18 1.000000 1499.686646 412.545532 1653.172485 565.599060
L-XTQ-18 1.000000 978.983765 405.800598 1158.904419 574.011597
L-XTQ-18 0.999996 1207.662842 422.779297 1365.869141 595.572937
L-XTQ-18 0.010700 123.620056 125.626938 709.111877 486.611755
L-ZJY-02 0.999995 1084.929077 250.800049 1208.412720 364.947327
L-ZJY-02 0.999970 1529.333984 245.555328 1638.578857 369.521576
L-ZJY-03 0.999988 1867.327026 364.125244 2005.815796 485.489075
L-ZJY-03 0.999958 1438.443237 335.342285 1568.073853 470.976379
L-ZJY-04 0.999996 586.183594 1111.488403 739.917358 1232.739136
L-ZJY-04 0.999757 411.333405 1126.597534 536.364441 1228.876587
L-ZJY-06 0.999997 2015.562866 420.618439 2184.767578 542.361389
L-ZJY-06 0.999996 1710.868042 425.305511 1855.844360 543.791931
L-ZJY-06 0.999976 1367.673096 394.046692 1509.482910 523.865417
L-ZJY-07 0.999909 638.934204 1022.673218 765.068726 1115.467407
L-ZJY-07 0.999579 952.311401 1043.711914 1091.190796 1153.738770
L-ZJY-17 0.999954 471.184235 1016.567566 613.962769 1127.176147
L-ZJY-17 0.999849 1987.878418 1078.608521 2149.053711 1196.491089
L-ZJY-17 0.999845 2271.904785 1096.923096 2414.689453 1211.609863
L-ZJY-17 0.999783 864.539429 1054.010620 1014.657837 1150.669556
L-ZJY-18 0.999999 1335.896851 567.048767 1502.974976 696.408020
L-ZJY-18 0.999992 1571.799194 571.434875 1724.604370 706.505432
L-ZJY-18 0.999908 1803.996216 573.675964 1953.921509 687.408875
L-ZLS-02 0.999866 924.362427 452.598450 1004.380127 539.825012
L-ZLS-02 0.999999 1214.519897 452.458740 1314.521606 553.411987
L-ZLS-03 0.999999 1283.872314 350.036194 1395.810303 463.785706
L-ZLS-03 0.999971 867.748962 375.680695 969.043518 476.283539
L-ZLS-04 0.999987 314.108337 1142.834229 421.875488 1246.771973
L-ZLS-04 0.999415 556.922424 1135.393433 664.975647 1237.552856
L-ZLS-17 0.999983 1485.651611 996.790405 1597.690918 1088.151978
L-ZLS-17 0.999981 1652.529785 1001.208740 1761.708496 1093.751709
L-ZLS-17 0.999977 329.937134 954.053040 427.226501 1047.309692
L-ZLS-17 0.999874 606.081787 975.330261 705.796143 1058.508179
L-ZLS-18 0.999999 1046.525757 619.812073 1151.380737 742.599670
L-ZLS-18 0.999820 1269.279053 567.356262 1371.879395 672.435486
L-ZLS-18 0.999659 851.243164 571.385559 945.806763 670.246033
L-ZRY-02 0.999999 1421.339722 459.900055 1644.258179 617.472168
L-ZRY-02 0.999994 910.187683 472.642426 1119.896484 632.864746
L-ZRY-03 0.999990 1035.236084 312.335510 1193.005859 486.069580
L-ZRY-03 0.999760 1401.693726 327.589050 1532.826294 461.869263
L-ZRY-04 1.000000 471.861786 950.719116 672.334229 1128.996704
L-ZRY-04 0.999999 765.292664 993.282898 996.649963 1143.630127
L-ZRY-06 1.000000 1420.415405 391.560791 1586.913208 520.425598
L-ZRY-06 0.999956 1770.364624 380.255554 1932.417847 539.747559
L-ZRY-06 0.999910 1033.833740 400.924957 1168.475342 563.673828
L-ZRY-07 0.999999 985.677612 1192.930420 1165.355347 1329.856201
L-ZRY-07 0.999999 348.008911 1110.764160 534.388611 1237.684082
L-ZRY-17 0.999998 336.671936 936.513977 502.251648 1074.324463
L-ZRY-17 1.000000 764.565979 916.558411 923.826233 1048.872314
L-ZRY-17 0.999999 1560.604248 1010.703796 1710.275146 1133.200439
L-ZRY-17 0.999804 1861.769043 1003.100403 2037.118652 1129.881348
L-ZRY-18 1.000000 1084.763550 523.682190 1273.251587 664.881287
L-ZRY-18 0.999997 902.986511 513.447815 1061.352295 673.425720
L-ZRY-18 0.999966 1287.095459 508.815796 1455.717285 648.740845
L-ZTQ-02 0.999997 1144.751099 360.350159 1403.504517 629.920715
L-ZTQ-02 0.999925 1630.030029 373.072418 1919.478516 607.631470
L-ZTQ-03 0.999999 1476.661987 346.435211 1724.813599 586.147034
L-ZTQ-03 0.999994 1040.713623 378.247009 1231.687012 583.797791
L-ZTQ-04 1.000000 716.304993 1468.050781 938.502258 1638.390869
L-ZTQ-04 0.999895 500.669189 1479.547729 642.727417 1632.497192
L-ZTQ-06 0.999999 1071.585083 624.755005 1239.009888 791.330444
L-ZTQ-06 0.999999 1451.228516 595.761780 1637.214111 771.330261
L-ZTQ-06 0.999960 1810.644775 606.651489 2031.671631 777.737061
L-ZTQ-07 1.000000 838.788025 1520.686768 1047.758423 1681.000488
L-ZTQ-07 0.999909 486.811066 1514.211548 629.281616 1675.978882
L-ZTQ-17 0.999998 472.341736 1659.125854 639.585510 1835.004272
L-ZTQ-17 0.999996 2369.800537 1524.872925 2522.125244 1660.694458
L-ZTQ-17 0.999959 2119.232422 1510.526001 2248.566895 1658.141968
L-ZTQ-17 0.999937 819.078857 1642.989014 982.840332 1818.861084
L-ZTQ-18 0.999999 1532.819946 409.944122 1664.811646 526.965454
L-ZTQ-18 0.999950 1354.633667 424.524445 1465.640747 544.044556
L-ZTQ-18 0.999888 1124.637329 396.127808 1258.260620 530.386780
L-ZYL-02 0.999999 1414.572998 354.187439 1560.786621 487.774719
L-ZYL-02 0.999955 1107.870605 359.609924 1261.926270 499.126953
L-ZYL-03 0.999997 1039.926514 373.211548 1208.462646 512.727661
L-ZYL-03 0.999986 1337.658691 375.398926 1482.624023 516.504761
L-ZYL-04 0.999999 717.414124 1113.713623 862.540222 1247.161377
L-ZYL-04 0.999995 503.762756 1114.110107 642.514465 1260.324707
L-ZYL-06 0.999999 1751.853760 286.755737 1904.659668 436.277832
L-ZYL-06 0.999999 1332.921753 315.206360 1498.910034 455.198914
L-ZYL-06 0.999988 1538.511475 333.657349 1672.711182 480.330688
L-ZYL-07 0.999997 589.641418 856.348389 733.878723 1022.737305
L-ZYL-07 0.999994 844.075562 881.649048 982.648315 1031.097534
L-ZYL-09 0.010425 924.321411 416.907166 1063.307007 526.150818
L-ZYL-17 0.999999 1786.790039 925.404358 1934.241699 1059.823120
L-ZYL-17 0.999998 858.752075 900.424377 997.508667 1055.677490
L-ZYL-17 0.999937 587.313721 886.921814 737.323120 1039.298584
L-ZYL-17 0.999843 1565.579224 944.549744 1675.302124 1064.754761
L-ZYL-18 0.999998 1509.832520 396.654938 1638.409912 531.295288
L-ZYL-18 0.999996 1793.674194 384.207031 1935.190308 516.968689
L-ZYL-18 0.999989 1315.555054 319.511475 1461.239868 451.160522
L-ZYR-02 0.999999 1697.852051 365.134460 1854.904297 496.844482
L-ZYR-02 0.999950 1266.340576 397.170227 1418.341309 529.089539
L-ZYR-03 0.999987 1236.115967 334.455597 1389.561035 470.120026
L-ZYR-03 0.999983 1527.720093 330.008270 1695.097778 464.754059
L-ZYR-04 0.999996 644.094727 1083.706177 780.100464 1227.211304
L-ZYR-04 0.999724 349.696899 1148.667480 499.050537 1256.715820
L-ZYR-06 0.999994 1736.123047 345.390137 1848.582031 465.299744
L-ZYR-06 0.999989 1228.511475 438.184967 1338.658691 554.237671
L-ZYR-06 0.999785 1471.003662 381.680786 1581.019531 510.729309
L-ZYR-07 0.999965 536.444946 860.572632 705.619629 986.084229
L-ZYR-07 0.999701 978.714966 835.429138 1103.459351 980.647888
L-ZYR-17 0.999999 967.729614 1007.193115 1110.770630 1149.697998
L-ZYR-17 0.999992 1973.415161 1076.550171 2108.967773 1195.831421
L-ZYR-17 0.999120 515.142090 1035.266235 677.208862 1183.273071
L-ZYR-17 0.998378 2351.007812 1088.427002 2518.294434 1213.688232
L-ZYR-18 0.999999 1459.632568 375.520203 1594.751709 502.799744
L-ZYR-18 0.999992 1142.654419 306.692902 1267.999146 453.222015
L-ZYR-18 0.999961 1677.490479 252.235779 1789.802246 380.942688
L-ZZY-02 0.999999 1241.573608 336.414551 1394.463501 492.460266
L-ZZY-02 0.999996 771.791931 328.848877 905.378357 481.285950
L-ZZY-03 1.000000 1022.227478 363.916138 1151.246094 476.072998
L-ZZY-03 0.999999 748.995178 359.377991 869.241882 480.933411
L-ZZY-04 0.999989 555.793640 1072.793579 656.787903 1167.853882
L-ZZY-04 0.999590 344.574646 1072.199951 449.220886 1161.448486
L-ZZY-17 0.999999 329.726410 853.759033 437.319366 966.615845
L-ZZY-17 0.999991 1736.100830 967.611755 1861.175293 1079.485229
L-ZZY-17 0.999991 584.814514 823.168640 690.701721 923.529358
L-ZZY-17 0.999988 1598.876221 943.725708 1701.479248 1047.494019
L-ZZY-18 0.999921 938.081055 283.228973 1023.833130 368.637177
L-ZZY-18 0.999805 1035.156616 284.341339 1120.457642 380.101227
L-ZZY-18 0.998419 790.810242 232.910080 878.961121 327.076233
L-ZZY1-02 0.999999 871.342773 337.007782 1003.760010 463.317596
L-ZZY1-02 0.999996 1202.978149 314.384491 1328.577759 449.058624
L-ZZY1-03 0.999998 830.328552 458.837189 991.260681 627.319458
L-ZZY1-03 0.999998 1144.631592 461.404816 1299.422852 626.621704
L-ZZY1-04 1.000000 437.602356 1163.861938 574.960144 1298.155151
L-ZZY1-04 0.999980 233.025986 1170.371338 358.542053 1299.458008
L-ZZY1-17 0.999999 334.239838 1023.240112 463.366180 1154.993286
L-ZZY1-17 0.999997 1417.370605 1135.149902 1527.874512 1260.145752
L-ZZY1-17 0.999991 1598.661377 1135.040405 1720.341797 1268.856812
L-ZZY1-17 0.997579 627.236084 1038.944458 768.538208 1164.459106
L-ZZY1-18 0.999995 943.600159 347.243927 1050.179688 485.160370
L-ZZY1-18 0.999977 1180.609863 324.604187 1299.822998 458.999939
L-ZZY1-18 0.999588 758.457764 330.554535 870.158447 450.741974
