L-CJB-02 0.999943 2054.048828 2546.171143 2680.077637 2977.855225
L-CJB-03 0.581851 1559.594116 504.002441 1701.890503 682.081909
L-CJB-03 1.000000 964.848022 1822.167969 1569.870483 2267.969482
L-CJB-03 1.000000 1808.342041 834.877441 2438.440186 1260.601807
L-CJB-03 0.999992 120.127380 2721.398926 723.557800 3127.940918
L-CJB-04 1.000000 2344.350342 939.330444 2923.373291 1319.071167
L-CJB-04 0.999991 962.079285 88.849396 1695.404785 489.228668
L-CJB-04 0.999987 972.476929 1987.099365 1587.130005 2432.642822
L-CJB-06 0.999997 1051.537476 100.199356 1776.697388 582.743286
L-CJB-06 0.999994 2136.348389 831.571899 2712.027588 1272.571899
L-CJB-06 0.999960 1087.970947 2380.813477 1700.364014 2829.900879
L-CJB-07 0.999999 2107.888428 2142.144287 2676.102783 2559.528564
L-CJB-07 0.999969 476.380707 1109.250854 1117.759766 1534.763794
L-CJB-08 1.000000 2053.577881 1728.010742 2748.059326 2198.329346
L-CJB-08 0.999983 1694.751221 52.671631 2305.000732 486.067627
L-CJB-09 1.000000 2233.513672 242.767426 2938.000977 660.651855
L-CJB-10 1.000000 2505.788330 1193.320190 3149.247803 1630.663940
L-CJB-11 0.999999 1131.764282 2451.918213 1805.426392 2895.750732
L-CJB-12 0.999950 1383.148804 1183.039062 2090.116699 1642.275879
L-CJB-13 0.999963 1023.767883 112.815918 1775.894043 635.499268
L-CJB-14 0.999980 112.866852 2453.520996 811.216064 2877.612305
L-CJB-15 0.999994 1013.594910 64.655228 1791.552002 553.460938
L-CJB-16 0.999958 455.577850 444.368286 1138.963989 880.280884
L-CJB-17 1.000000 1814.239258 1759.167236 2344.345215 2103.510498
L-CJB-17 1.000000 2546.804932 1740.221558 3109.331299 2134.410400
L-CJB-17 1.000000 347.807770 985.449219 962.744751 1384.711670
L-CJB-18 1.000000 1234.370605 1062.730469 1810.353516 1441.512451
L-CJB-18 0.999990 268.601501 1141.237793 925.744324 1558.036377
L-CJB-19 0.999987 92.778320 2658.273193 787.288635 3091.591553
L-CJB-20 0.999999 116.341034 972.107788 787.269287 1436.872437
L-CJB-21 0.999999 714.177612 2747.842773 1370.088257 3146.565430
L-CXP-02 0.999999 2088.713379 2304.674316 2776.179199 2684.405273
L-CXP-03 1.000000 1884.784180 895.062561 2537.867676 1235.243164
L-CXP-03 1.000000 113.674133 2476.412354 754.814270 2826.810791
L-CXP-03 0.999997 1046.786743 1763.750488 1612.019897 2152.083740
L-CXP-04 1.000000 2401.805420 1107.055664 2887.117920 1398.784912
L-CXP-04 0.999999 1015.040161 1858.846558 1540.775269 2176.511719
L-CXP-04 0.999997 1154.173828 120.104431 1741.619385 408.084839
L-CXP-06 0.015683 146.330933 1721.879395 678.328430 2051.718506
L-CXP-06 1.000000 983.798462 1759.259277 1502.037231 2070.926270
L-CXP-06 0.999997 2399.310059 966.195862 2875.078613 1235.656616
L-CXP-06 0.999994 1209.975098 126.165070 1753.879395 409.216400
L-CXP-07 1.000000 2023.945068 1806.490723 2506.214600 2091.581055
L-CXP-07 0.999998 496.524780 914.175415 953.500488 1186.824829
L-CXP-08 1.000000 1097.290283 99.431534 1607.804199 401.417969
L-CXP-08 1.000000 1741.809448 1389.504517 2130.376709 1655.987671
L-CXP-09 1.000000 2235.231445 110.755371 2731.011719 411.803223
L-CXP-10 1.000000 2339.959717 1238.477783 2817.607178 1549.976562
L-CXP-11 0.999995 981.528809 1945.642334 1436.016113 2228.936279
L-CXP-12 0.999994 1423.961304 900.314148 1924.903442 1190.032227
L-CXP-13 0.999999 1117.186401 100.132538 1632.397339 399.541595
L-CXP-14 0.999999 155.750397 1934.292236 790.382690 2319.690674
L-CXP-15 0.999958 953.662598 77.538986 1551.811768 434.763611
L-CXP-16 0.999997 783.804565 488.773560 1275.859497 775.526245
L-CXP-17 1.000000 1650.456543 1728.848755 2137.263428 2019.164917
L-CXP-17 1.000000 598.791382 897.695129 1085.883057 1158.142090
L-CXP-17 0.999999 2637.432129 1751.281860 3145.833984 2047.432007
L-CXP-18 1.000000 126.972351 948.052063 556.318359 1217.985107
L-CXP-18 0.999995 959.871826 1027.100586 1364.945312 1250.064209
L-CXP-19 1.000000 42.044312 2724.214111 656.833374 3066.390869
L-CXP-20 1.000000 138.125397 1027.580688 659.321777 1327.037720
L-CXP-21 1.000000 658.797729 2620.741455 1173.644775 2925.232666
L-CYQ-02 0.999967 2286.477295 2541.962402 2994.890869 2920.150391
L-CYQ-03 1.000000 93.781311 2730.160400 799.492798 3118.031982
L-CYQ-03 0.999984 1206.009277 1865.300049 1767.431641 2267.684326
L-CYQ-03 0.999927 2148.103271 983.975342 2906.594482 1423.420166
L-CYQ-04 0.999997 954.058533 2145.998291 1645.364258 2566.552490
L-CYQ-04 0.999891 2287.811523 1076.450195 3050.757812 1501.495850
L-CYQ-04 0.999830 1071.863525 58.044647 1911.583496 548.244751
L-CYQ-06 0.999997 915.620728 2114.625244 1558.651001 2533.450928
L-CYQ-06 0.999983 1021.706665 92.196289 1914.141235 615.426636
L-CYQ-06 0.999907 2212.898682 1058.506226 2938.075439 1468.810669
L-CYQ-07 0.999989 2139.137695 2187.550781 2897.379883 2589.584473
L-CYQ-07 0.999956 313.428619 1161.376831 1038.772705 1547.116333
L-CYQ-08 1.000000 2036.604736 1807.129150 2798.559326 2254.320557
L-CYQ-08 0.999955 1210.960449 85.365845 1909.986084 464.650085
L-CYQ-09 0.999981 2180.352295 71.731659 3088.355225 520.604248
L-CYQ-10 0.999995 2367.655518 1172.278320 3128.995361 1603.678955
L-CYQ-11 0.999988 1144.052490 2526.728271 1963.069336 2994.256592
L-CYQ-12 1.000000 1587.968994 1052.740112 2357.041260 1444.166382
L-CYQ-13 0.999924 977.662476 147.803421 1819.592896 616.741455
L-CYQ-14 0.999950 98.140625 2619.073486 835.623352 3094.406982
L-CYQ-15 0.999758 1225.277344 42.125275 2000.532715 519.105591
L-CYQ-16 0.991629 603.199951 653.277527 1299.360718 1118.341187
L-CYQ-17 1.000000 424.924835 1113.528687 1020.679565 1467.362671
L-CYQ-17 1.000000 1490.670776 1961.054077 2112.280273 2317.673340
L-CYQ-17 0.999999 2247.351074 1958.862549 2882.661133 2336.013916
L-CYQ-18 1.000000 1479.106934 1129.124390 2167.265625 1548.718872
L-CYQ-18 0.999961 127.913300 1072.541870 943.661987 1547.123657
L-CYQ-19 0.999993 116.435852 2469.914795 920.741272 2880.681396
L-CYQ-20 1.000000 97.835358 1095.601685 786.854858 1495.694702
L-CYQ-21 0.999999 531.066895 2607.037109 1266.634399 3005.488770
L-FMZ-02 0.999991 1426.446411 1371.050903 1850.510620 1671.972290
L-FMZ-03 0.999988 557.569458 902.188110 1050.328735 1206.906860
L-FMZ-03 0.999966 1342.804932 694.689697 1769.771240 978.426392
L-FMZ-03 0.998108 88.029480 1536.786377 466.672607 1812.024902
L-FMZ-04 1.000000 1651.768799 658.066162 2064.542236 913.316040
L-FMZ-04 0.999995 802.110413 74.612381 1284.518921 343.557068
L-FMZ-04 0.999994 786.382935 1489.820190 1177.653809 1793.619263
L-FMZ-06 1.000000 851.961060 2191.410889 1355.137085 2475.239990
L-FMZ-07 0.999999 86.020950 1884.412964 581.770264 2134.239014
L-FMZ-08 1.000000 850.610046 82.085251 1286.572998 356.554749
L-FMZ-08 0.999999 1557.245483 1419.069946 1989.907593 1698.246948
L-FMZ-09 0.999996 1657.263916 93.497971 2090.985352 357.479187
L-FMZ-10 0.999999 1895.809448 948.956238 2358.151123 1215.372070
L-FMZ-11 0.999967 674.574280 1202.832397 1044.359253 1416.371948
L-FMZ-12 0.999029 1221.203735 697.044189 1641.052368 939.138550
L-FMZ-13 0.999989 845.387695 67.384445 1179.789185 267.354797
L-FMZ-14 1.000000 1366.926758 1675.926270 1821.688232 1922.610596
L-FMZ-15 1.000000 658.416077 60.694580 1104.147583 317.348999
L-FMZ-17 0.028853 680.531006 1330.311523 1092.986450 1652.417236
L-FMZ-17 1.000000 1756.195557 1222.799927 2188.466553 1506.158813
L-FMZ-17 1.000000 280.250885 622.818604 752.369141 872.392456
L-FMZ-17 0.999999 1167.946167 1298.441406 1558.215698 1600.441406
L-FMZ-18 1.000000 1006.283875 813.427246 1456.233643 1048.669067
L-FMZ-18 1.000000 94.327621 744.022583 520.088562 980.055176
L-FMZ-19 1.000000 183.101791 2241.337402 654.050171 2520.232910
L-FMZ-20 1.000000 62.909775 703.376831 488.982361 969.948242
L-FMZ-21 1.000000 537.043579 2159.291748 1014.587891 2465.150635
L-GJJ-01 0.141692 1720.999878 373.187347 1886.848022 482.611298
L-GJJ-01 0.026021 1283.960449 370.898651 1462.980469 513.003845
L-GJJ-02 1.000000 2187.360107 2380.665771 2789.171631 2746.654541
L-GJJ-03 1.000000 923.333496 1644.207520 1493.737305 2017.927734
L-GJJ-03 0.999998 1862.309814 827.737610 2389.700928 1176.013428
L-GJJ-03 0.999998 74.510681 2445.464111 687.227783 2795.311279
L-GJJ-04 1.000000 797.254944 1971.039062 1375.437744 2306.053223
L-GJJ-04 1.000000 2276.576172 915.750977 2802.122070 1209.174561
L-GJJ-04 0.999995 1154.079102 73.867966 1655.409912 364.057922
L-GJJ-06 0.010609 330.106232 842.888306 804.052612 1139.017334
L-GJJ-06 0.999999 703.291626 1804.019409 1203.084961 2112.932129
L-GJJ-06 0.999998 2199.343262 909.688477 2733.110352 1220.395996
L-GJJ-06 0.999988 1288.770264 88.622238 1861.945801 442.040283
L-GJJ-07 1.000000 1840.501221 1783.262939 2328.395752 2099.229492
L-GJJ-07 0.999994 522.558044 852.293030 1015.163147 1157.145386
L-GJJ-08 1.000000 1882.465088 1465.663574 2434.586182 1772.933105
L-GJJ-08 0.999998 1370.179932 82.706863 1800.552734 362.081787
L-GJJ-09 0.999999 1770.583252 122.741684 2314.769287 414.271301
L-GJJ-10 0.999997 2125.495605 1095.098145 2578.427734 1397.391113
L-GJJ-11 0.999946 1220.722656 2140.232422 1749.644287 2483.768066
L-GJJ-13 0.999368 998.942688 89.839600 1517.371094 395.159149
L-GJJ-14 0.999994 89.630386 1715.470581 581.026367 2030.945190
L-GJJ-15 0.999999 976.395874 90.673508 1466.491821 371.625305
L-GJJ-16 0.999994 547.399414 462.355988 1016.131958 765.720337
L-GJJ-17 1.000000 2165.443848 1659.901855 2652.848145 1956.803223
L-GJJ-17 0.999997 432.685303 785.254272 889.255371 1073.385132
L-GJJ-17 0.999987 1499.386597 1613.789551 1965.170288 1899.846436
L-GJJ-18 0.999999 1026.264160 938.231140 1576.666992 1231.622070
L-GJJ-18 0.999992 152.409363 800.457642 614.552979 1097.949707
L-GJJ-19 0.999999 96.452606 1903.506836 583.804443 2209.069824
L-GJJ-20 0.999999 106.011566 883.161011 676.497559 1245.227173
L-GJJ-21 1.000000 619.187378 2865.395020 1141.202637 3188.115234
L-GYC-02 0.999993 1983.355713 1983.072144 2759.769775 2432.458252
L-GYC-03 0.999999 1874.100586 886.758606 2597.753418 1316.595947
L-GYC-03 0.999993 136.898071 2260.268311 870.698242 2560.769775
L-GYC-03 0.999986 1009.000732 1525.069092 1705.113281 1868.496094
L-GYC-04 0.999999 2465.233887 769.662048 3140.603516 1234.704834
L-GYC-04 0.999998 762.326538 1930.003662 1373.603394 2256.735596
L-GYC-04 0.999975 1084.847656 77.529922 1968.661377 517.987976
L-GYC-06 0.999999 922.678223 1676.135132 1532.428955 1957.845337
L-GYC-06 0.999998 2066.210449 735.046753 2748.514160 1093.344727
L-GYC-06 0.999976 983.432129 87.854431 1880.355957 496.967285
L-GYC-07 0.998210 409.986420 1023.844910 1115.807251 1361.635864
L-GYC-07 0.999733 1938.803833 1769.841064 2667.102539 2135.736816
L-GYC-08 0.999999 2365.032227 1721.294922 3019.604980 2095.835449
L-GYC-08 0.999853 1555.462036 159.777893 2223.339111 607.577942
L-GYC-09 0.999997 2239.361572 342.360474 2906.415283 793.659180
L-GYC-10 0.999999 2513.932373 1307.289062 3088.186768 1703.312988
L-GYC-11 0.999912 865.916016 2721.692383 1582.536377 3135.682617
L-GYC-12 0.999957 1696.302246 1309.154053 2450.948730 1758.743164
L-GYC-13 0.999948 1167.143066 60.246704 1905.643311 554.592285
L-GYC-14 0.999991 493.689087 2180.559326 1252.070557 2635.270264
L-GYC-15 0.999983 872.327026 66.436432 1933.164185 771.861694
L-GYC-17 1.000000 2553.522705 1560.094116 3250.917236 1907.868042
L-GYC-17 1.000000 1627.975952 1482.329102 2181.960693 1770.586182
L-GYC-17 0.999984 485.597687 811.358948 1068.579712 1122.859863
L-GYC-18 0.999984 1236.445557 1252.096313 2012.765869 1642.952759
L-GYC-18 0.999975 313.882477 1045.031006 1093.011841 1377.019287
L-GYC-19 0.999979 118.291046 2956.883789 983.329102 3368.865723
L-GYC-20 0.999957 88.042145 1070.093506 902.491455 1609.574219
L-GYC-21 0.999680 453.634277 2365.807129 1248.419922 2766.976562
L-GZZ-02 0.999997 1502.451416 1436.490479 1999.547607 1739.113525
L-GZZ-03 0.999998 178.964371 1657.524658 664.817932 1953.654297
L-GZZ-03 0.999983 1044.677246 489.776398 1529.162354 780.310181
L-GZZ-03 0.999977 670.859497 1084.068359 1150.644653 1408.955078
L-GZZ-04 1.000000 677.304199 1388.977417 1139.083740 1690.803101
L-GZZ-04 1.000000 1683.517334 706.893250 2194.042236 1011.465393
L-GZZ-04 0.999716 777.476685 61.060547 1324.776001 362.197662
L-GZZ-06 0.999999 957.961121 1656.989258 1437.207520 1964.354004
L-GZZ-07 0.999992 57.196411 1629.269653 573.290161 1978.352173
L-GZZ-08 1.000000 1207.308716 28.807419 1684.763794 337.190735
L-GZZ-08 0.999983 1851.168579 1121.239502 2274.296143 1425.266602
L-GZZ-09 0.007703 66.419098 598.261719 488.010345 870.352417
L-GZZ-09 0.999996 1464.168945 112.165955 1999.162842 463.312805
L-GZZ-10 1.000000 1810.213867 819.838562 2290.841309 1134.346924
L-GZZ-11 0.999989 683.790710 1291.805664 1179.893799 1631.026367
L-GZZ-12 0.999999 1149.635498 766.938721 1684.625732 1148.938965
L-GZZ-13 0.999990 570.207886 25.138580 1117.805054 409.256226
L-GZZ-14 0.999999 1450.665649 1507.253174 1935.194702 1813.452881
L-GZZ-15 0.999996 542.159058 59.702271 1149.541504 401.292786
L-GZZ-16 0.999942 565.908386 262.337067 1100.506836 565.585815
L-GZZ-17 1.000000 1312.546509 1246.418457 1816.924438 1549.806885
L-GZZ-17 0.999999 1890.463135 1265.615234 2370.511963 1550.553467
L-GZZ-17 0.999988 317.248810 549.735413 810.190552 850.585876
L-GZZ-18 0.999999 987.600647 671.851379 1432.905273 938.055603
L-GZZ-18 0.999999 181.723663 614.423645 637.808350 899.245056
L-GZZ-19 0.999993 164.004089 1882.266357 674.626343 2260.349854
L-GZZ-20 0.999955 19.517288 776.402832 513.093750 1128.261475
L-GZZ-21 0.999996 645.192810 1730.433105 1132.323853 2042.506836
L-HPY-02 0.999988 1997.068481 1849.559082 2667.787354 2236.198242
L-HPY-03 1.000000 107.496796 2260.819092 877.341675 2688.889893
L-HPY-03 0.999997 987.769287 1603.026978 1715.060059 2024.650269
L-HPY-03 0.999988 1758.679565 710.292419 2545.177246 1162.685547
L-HPY-04 0.999996 810.129150 1802.216553 1454.205322 2210.708252
L-HPY-04 0.999992 2152.381592 945.812195 2842.145752 1357.635620
L-HPY-04 0.999922 948.259399 92.267517 1634.102173 491.912842
L-HPY-06 1.000000 918.415039 1781.339478 1577.409668 2186.402832
L-HPY-06 0.999998 2278.791016 865.862000 2970.566406 1273.003052
L-HPY-06 0.999996 1226.596558 86.976227 1937.635864 497.311554
L-HPY-07 0.999966 504.417389 783.140259 1158.107788 1177.252319
L-HPY-07 0.999955 1976.045410 1767.992554 2596.327148 2121.938232
L-HPY-08 1.000000 963.915466 90.366699 1522.044189 428.649353
L-HPY-08 1.000000 2028.285645 1589.985474 2702.302734 2009.900513
L-HPY-09 1.000000 1853.446655 127.731842 2503.707275 502.187347
L-HPY-10 1.000000 2459.544678 1059.104492 3159.951904 1498.296387
L-HPY-11 0.999997 1110.598389 2439.197510 1881.867676 2895.679932
L-HPY-12 1.000000 1238.397705 1193.193359 1923.420410 1605.596436
L-HPY-13 0.999964 924.087158 93.602951 1608.142578 476.983765
L-HPY-14 0.999986 149.221313 1712.636719 738.609131 2072.153809
L-HPY-15 0.999994 1015.186462 84.586243 1698.839355 491.410400
L-HPY-16 0.999970 697.112488 360.973602 1320.723877 729.858643
L-HPY-17 1.000000 2300.428955 1747.580566 2891.691162 2100.724609
L-HPY-17 1.000000 337.599182 751.598206 948.760681 1128.863525
L-HPY-17 0.999998 1602.192749 1709.923828 2129.561523 2053.124023
L-HPY-18 0.999999 1129.764893 775.899902 1771.583496 1109.567383
L-HPY-18 0.999958 231.509491 739.525146 791.212402 1073.326904
L-HPY-19 0.999999 87.647125 2200.283691 820.637451 2652.200195
L-HPY-20 0.999999 64.296295 1243.304688 730.094604 1646.458984
L-HPY-21 0.999988 760.778198 2381.208252 1443.565552 2780.575928
L-HX-02 0.999997 2085.594971 1687.860352 2634.806885 1975.791504
L-HX-03 1.000000 1050.304443 1098.842285 1663.346191 1412.608643
L-HX-03 0.999999 74.002502 1782.126709 801.994324 2181.916992
L-HX-03 0.999996 2047.895142 742.418091 2494.329834 1010.299927
L-HX-04 0.999996 1892.326904 856.296509 2483.616455 1194.684448
L-HX-04 0.999978 700.394104 1675.655518 1274.080078 1985.805664
L-HX-04 0.999412 726.773376 81.565491 1362.938965 402.974304
L-HX-06 1.000000 2406.264648 756.375183 3080.668457 1136.257324
L-HX-06 1.000000 756.414490 1632.476929 1356.126709 1942.327515
L-HX-06 0.999999 1390.835083 55.172287 1998.554810 387.921631
L-HX-07 1.000000 2276.190674 1516.499146 2921.100830 1857.143433
L-HX-07 1.000000 645.711304 852.937805 1282.553833 1214.325928
L-HX-08 0.999990 1829.256836 1448.437256 2630.001465 1883.323486
L-HX-08 0.999977 1060.770386 82.865860 1807.008423 477.442566
L-HX-09 0.999981 1745.916748 199.755417 2451.586182 589.904541
L-HX-10 1.000000 2320.385742 1078.285034 2984.344238 1431.266235
L-HX-11 1.000000 904.091064 1927.188599 1536.767090 2252.817871
L-HX-12 0.999999 1204.097778 876.409790 1834.301636 1202.460083
L-HX-13 1.000000 908.181091 53.173157 1508.454346 383.946777
L-HX-14 1.000000 106.030273 1429.887939 776.718506 1741.367432
L-HX-15 0.999248 922.080566 31.020203 1573.539551 383.135315
L-HX-16 0.999997 452.830933 335.219421 1096.007324 674.127258
L-HX-17 1.000000 194.220978 728.917847 839.043579 1067.058472
L-HX-17 1.000000 2081.994629 1683.229736 2740.515625 1976.332764
L-HX-17 0.999998 1102.956299 1664.757202 1828.584717 1982.035767
L-HX-18 1.000000 146.581085 846.246338 886.635132 1189.662476
L-HX-18 1.000000 1325.499023 938.717468 2002.188721 1275.174194
L-HX-19 0.999986 52.626984 2123.903320 759.808716 2435.703125
L-HX-20 1.000000 38.728851 920.947815 710.911865 1262.234985
L-HX-21 0.999997 277.693024 1943.620728 1020.560913 2317.000244
L-LBS-02 0.999912 1369.272217 2047.644531 1925.331055 2385.384766
L-LBS-03 1.000000 618.692505 1514.035156 1148.558472 1837.873779
L-LBS-03 0.999998 1514.122559 971.290283 2220.256104 1364.551025
L-LBS-03 0.999940 34.990570 2192.250732 645.537354 2507.213623
L-LBS-04 0.999998 569.635742 87.895996 1535.522705 515.573975
L-LBS-04 0.999953 785.379089 1803.875000 1275.380981 2139.723633
L-LBS-04 0.999844 1599.234619 877.934082 2168.408447 1161.239868
L-LBS-06 0.999998 842.145142 2143.183105 1360.632690 2417.872559
L-LBS-07 1.000000 120.454376 1674.628174 654.779175 1973.648682
L-LBS-08 0.999996 1566.305664 1399.362305 2173.243896 1760.759766
L-LBS-08 0.999985 1096.175415 62.626160 1676.679810 387.130127
L-LBS-09 0.999922 1575.340088 133.597260 2142.393555 456.328094
L-LBS-10 1.000000 1777.276855 1022.635803 2296.333252 1352.168457
L-LBS-11 0.999235 762.506226 1035.603394 1404.508667 1344.084839
L-LBS-12 0.999991 1002.462585 946.549988 1576.885498 1300.463867
L-LBS-13 0.989694 799.045044 87.201874 1396.509399 378.647034
L-LBS-14 0.999968 1273.525024 1724.484497 1871.148071 2073.643311
L-LBS-15 0.999999 623.314514 104.188919 1371.926758 485.774963
L-LBS-16 0.999982 320.420593 342.940460 887.105896 727.649170
L-LBS-17 1.000000 1209.924072 1707.257446 1747.372314 2017.839478
L-LBS-17 0.999999 260.245575 862.728455 967.472900 1255.613647
L-LBS-17 0.999903 1815.592407 1775.287354 2393.685059 2135.832520
L-LBS-18 0.999998 237.023438 943.744934 781.590637 1228.524658
L-LBS-18 0.999995 622.204712 1318.339600 1246.220947 1736.334473
L-LBS-19 1.000000 365.226074 1907.141846 840.673462 2223.171631
L-LBS-20 0.999979 90.587799 746.306091 653.553833 1128.359375
L-LBS-21 0.999991 546.450195 1703.888062 1107.768311 2051.627686
L-LOW-02 1.000000 1728.965942 1821.954224 2470.312988 2243.397949
L-LOW-03 0.999991 1602.506592 901.921448 2272.079102 1288.244141
L-LOW-03 0.999951 902.799438 1604.212158 1474.530396 1974.007324
L-LOW-03 0.999874 92.107452 2333.025879 693.628052 2738.840332
L-LOW-04 1.000000 2182.781006 923.821289 2787.126709 1264.192627
L-LOW-04 1.000000 762.225342 1776.389282 1386.274902 2185.574219
L-LOW-04 0.998793 1205.534180 78.595734 1900.644775 449.880951
L-LOW-06 0.999936 838.329529 1812.430420 1413.638428 2187.442383
L-LOW-06 0.999995 1945.899780 892.557251 2528.389160 1256.803589
L-LOW-06 0.999949 1144.232178 113.828125 1861.848633 511.534058
L-LOW-07 0.999994 473.000458 1068.132935 1002.684448 1347.129028
L-LOW-07 0.999993 1844.052002 1842.841797 2620.609131 2206.126709
L-LOW-08 0.999999 1498.896240 117.420731 2088.987793 444.332886
L-LOW-08 0.999958 2047.734741 1503.272949 2624.361816 1853.237549
L-LOW-09 0.999730 2086.119629 136.988739 2646.350098 449.618500
L-LOW-10 1.000000 2145.492188 1092.421997 2742.143555 1435.526489
L-LOW-11 0.999990 871.194031 2452.690674 1708.457764 2861.557861
L-LOW-12 1.000000 1476.531860 958.150391 2103.294922 1323.834229
L-LOW-13 0.999755 970.009338 86.467941 1708.948975 437.806458
L-LOW-14 0.999994 71.430237 2039.750854 692.574463 2386.275391
L-LOW-15 0.999988 894.980103 65.732941 1661.106323 438.752930
L-LOW-16 0.999975 386.860992 355.902557 1079.852051 719.188843
L-LOW-17 1.000000 433.726105 797.835999 1056.117554 1128.935791
L-LOW-17 1.000000 1487.937622 1706.038452 2023.296021 2046.525513
L-LOW-17 1.000000 2190.118896 1679.603149 2812.105225 2028.915405
L-LOW-18 1.000000 1053.773926 1153.220581 1687.707764 1479.136108
L-LOW-18 0.999992 79.494812 1073.860596 822.716309 1460.698730
L-LOW-19 1.000000 111.721649 2689.346680 823.792725 3110.472656
L-LOW-20 1.000000 122.735596 941.620483 734.494751 1323.583862
L-LOW-21 1.000000 660.324402 2391.818115 1287.767090 2733.141357
L-LYC-02 0.999957 1828.369873 1992.872314 2454.911377 2337.861572
L-LYC-03 1.000000 1821.096436 904.094299 2348.238525 1208.673340
L-LYC-03 1.000000 956.556030 1538.984619 1457.340454 1839.592529
L-LYC-03 1.000000 104.723969 2199.673584 643.967163 2481.705811
L-LYC-04 1.000000 2267.851562 926.955933 2819.374023 1296.872925
L-LYC-04 0.999999 1040.787231 101.671112 1641.291626 460.585846
L-LYC-04 0.999970 763.513306 1703.430176 1308.918091 1985.842041
L-LYC-06 1.000000 2100.041504 953.760010 2657.106445 1276.410645
L-LYC-06 0.999999 708.217712 1718.871826 1218.885376 2011.210693
L-LYC-06 0.999998 1192.191284 101.643890 1811.005249 438.828522
L-LYC-07 1.000000 2105.156738 1868.055786 2670.266602 2206.585938
L-LYC-07 0.999991 637.362610 928.404053 1263.220215 1297.390869
L-LYC-08 1.000000 1859.204224 1349.800293 2419.450439 1695.262695
L-LYC-08 0.999994 1267.539673 97.907669 1821.190063 394.607239
L-LYC-09 0.999676 1905.648438 86.315186 2407.488281 374.562622
L-LYC-10 1.000000 2295.502930 1283.947998 2908.702148 1670.138672
L-LYC-11 0.999999 973.162476 2126.713379 1608.660767 2492.286133
L-LYC-12 0.999975 1306.644897 1207.896118 1987.739624 1596.721313
L-LYC-13 0.999779 1058.909302 103.370224 1672.188354 505.859009
L-LYC-14 0.999998 178.260986 1606.706177 781.194153 1995.343628
L-LYC-15 0.999945 941.011353 87.941177 1615.257935 493.516174
L-LYC-16 0.999999 765.309631 399.996521 1475.999756 794.622375
L-LYC-17 1.000000 2130.587402 1508.208130 2657.583008 1812.945190
L-LYC-17 1.000000 1378.105835 1506.898926 1887.197632 1792.403809
L-LYC-17 0.999979 259.338226 823.755981 965.716553 1197.208374
L-LYC-18 1.000000 1380.358398 1102.825439 1995.414795 1457.377686
L-LYC-18 0.999996 380.243317 1095.600464 954.259766 1428.453247
L-LYC-19 0.999788 128.764496 2209.767090 801.724609 2636.498047
L-LYC-20 0.999998 116.587250 1040.955566 750.066284 1419.385498
L-LYC-21 0.999981 715.333862 2234.219482 1513.108032 2710.646729
L-LYL-02 0.999962 2281.887207 2525.967285 3059.041016 3041.610352
L-LYL-03 1.000000 1187.965820 1689.885376 1824.601074 2123.396729
L-LYL-03 0.999996 104.929169 2455.349365 763.264404 2946.433350
L-LYL-03 0.999994 1654.640015 873.275879 2313.351074 1363.454590
L-LYL-04 0.999999 2099.514404 1114.966309 2715.667725 1462.982178
L-LYL-04 0.999997 628.252930 52.906006 1456.404785 446.360474
L-LYL-04 0.999947 770.422241 2107.000488 1397.561157 2529.405762
L-LYL-06 0.999999 900.881653 66.382767 1770.395752 517.123535
L-LYL-06 0.999926 1947.910400 1012.045044 2526.835693 1404.636353
L-LYL-06 0.999646 969.620422 1839.412231 1499.489746 2228.269775
L-LYL-07 0.999998 518.689026 923.589905 1198.551025 1271.484741
L-LYL-07 0.999972 2016.151001 1870.455444 2649.788086 2286.292480
L-LYL-08 0.999993 2201.589111 1599.599487 2933.467041 2047.940308
L-LYL-08 0.999963 1512.415771 42.774246 2232.669434 428.374939
L-LYL-09 0.999999 1985.844482 72.683868 2647.737549 460.452362
L-LYL-10 1.000000 2473.335693 1351.956787 3165.625732 1737.994141
L-LYL-11 0.999959 1133.616211 2820.644287 1956.392090 3285.806885
L-LYL-12 0.999999 1439.344360 1024.894531 2136.772461 1425.679932
L-LYL-13 0.999995 1012.166626 45.150467 1856.093628 510.798889
L-LYL-14 0.999973 56.229584 2378.714355 902.770996 2825.938477
L-LYL-15 0.999979 905.738647 54.174118 1707.971558 485.799866
L-LYL-16 0.999989 437.222565 547.133545 1122.347900 954.713013
L-LYL-17 0.999999 2411.425293 1778.038208 3083.846191 2173.702393
L-LYL-17 0.999999 1646.398804 1817.858765 2325.021973 2241.290283
L-LYL-17 0.999982 425.366364 1057.041260 1073.830566 1400.972412
L-LYL-18 1.000000 50.472260 828.434814 704.258911 1238.214600
L-LYL-18 0.999909 1396.733521 851.773865 2150.052002 1260.120605
L-LYL-19 1.000000 81.431152 2917.123779 834.233765 3315.011475
L-LYL-20 0.999985 58.577209 1049.218872 739.044067 1525.146118
L-LYL-21 1.000000 349.820557 3377.790527 1159.535156 3833.886230
L-MJN-02 0.999815 1706.239380 2338.086182 2481.673340 2727.430420
L-MJN-03 0.999996 1773.150635 879.401489 2570.702393 1285.682495
L-MJN-03 0.999999 76.843048 2794.601562 883.292480 3178.645508
L-MJN-03 1.000000 1095.302002 1784.484985 1850.207520 2183.927246
L-MJN-04 0.999989 974.331787 2174.155762 1646.171631 2551.832520
L-MJN-04 0.999986 2046.326294 1047.409302 2832.037109 1393.396118
L-MJN-04 0.999964 961.021729 45.311813 1781.508301 510.297241
L-MJN-06 0.999992 909.660767 43.554810 1811.047241 497.709595
L-MJN-06 0.999985 1108.293701 2215.824707 1873.205811 2591.080078
L-MJN-06 0.999940 1964.455688 1145.067139 2744.504639 1505.925781
L-MJN-07 0.999998 196.236755 1114.615723 1123.890869 1521.923096
L-MJN-07 0.999987 2115.422363 2270.812256 2985.218262 2704.202393
L-MJN-08 1.000000 1087.985107 101.980865 1900.701660 492.063629
L-MJN-08 0.999995 1903.422607 1707.529053 2668.268799 2104.037598
L-MJN-09 0.999969 1804.281128 50.529022 2551.727783 459.362793
L-MJN-10 0.999956 2164.489746 1330.303711 2885.639648 1739.729736
L-MJN-11 0.999996 971.048340 2523.440918 1887.673096 3003.542480
L-MJN-12 0.999992 1100.889648 1403.493286 1913.486084 1793.457153
L-MJN-13 0.999996 740.006226 46.654022 1652.441772 504.063324
L-MJN-14 0.999932 20.812714 2221.363281 890.165405 2657.438477
L-MJN-15 0.999995 969.624634 50.855728 1865.132935 531.768921
L-MJN-16 0.998511 556.129639 396.678467 1335.954468 790.018555
L-MJN-17 1.000000 2403.340332 2021.512695 3075.345703 2407.319336
L-MJN-17 1.000000 1665.214355 2013.158203 2403.421875 2384.807617
L-MJN-17 0.999987 353.517303 802.693237 1192.718506 1173.823120
L-MJN-18 0.999995 1204.774536 1101.504272 1952.380005 1503.226929
L-MJN-18 0.999905 70.848999 1085.040405 853.647461 1482.802856
L-MJN-19 0.999997 108.291107 2921.060547 1115.147339 3393.456055
L-MJN-20 0.999945 50.296967 1069.066040 862.916870 1508.816772
L-MJN-21 0.999990 947.206726 2692.280029 1903.944336 3133.573975
L-MXR-02 0.999998 1719.589844 1659.491699 2419.111816 2056.503906
L-MXR-03 0.999989 1537.950317 783.557373 2228.307861 1076.440674
L-MXR-03 0.999975 865.526367 1427.965332 1516.599609 1802.725586
L-MXR-03 0.999909 139.669067 2135.296875 747.667175 2468.168457
L-MXR-04 0.999992 816.923340 1641.745117 1400.572754 1990.866943
L-MXR-04 0.999952 2012.909180 782.972778 2707.092285 1187.296265
L-MXR-04 0.999948 893.602783 90.208984 1714.305176 517.470703
L-MXR-06 0.999989 2077.694824 948.916321 2716.551758 1304.196289
L-MXR-06 0.999963 1023.195435 126.070175 1818.683472 582.233032
L-MXR-06 0.999907 714.704102 1794.997925 1503.976562 2253.795410
L-MXR-07 0.999999 409.970612 813.054077 1255.193115 1230.287354
L-MXR-07 0.999957 1724.265991 1707.745361 2336.820312 2048.203613
L-MXR-08 1.000000 1998.098145 1448.393066 2700.996094 1771.279541
L-MXR-08 0.999994 1171.739014 55.520813 1860.592529 411.381927
L-MXR-09 0.999920 1815.536865 194.646606 2589.682373 652.763977
L-MXR-10 0.999997 2068.611328 1077.309814 2943.503906 1531.579834
L-MXR-11 0.999996 840.564087 2479.399414 1785.150269 2932.009766
L-MXR-12 0.999989 1723.148682 986.531616 2457.445557 1398.562134
L-MXR-13 0.999800 960.712402 67.380997 1666.976318 481.537048
L-MXR-14 0.999997 280.831421 2156.689453 1183.032104 2673.932617
L-MXR-15 0.999991 670.240540 92.930145 1570.109863 633.227661
L-MXR-16 0.999725 609.065430 366.176117 1190.263428 677.344604
L-MXR-17 0.999998 462.874268 657.959351 1086.056885 991.963623
L-MXR-17 0.999970 2130.739746 1415.759155 2850.110352 1823.817993
L-MXR-17 0.999966 1478.493286 1337.623657 1982.754761 1626.203979
L-MXR-18 0.999999 220.051575 924.316040 887.637878 1274.380981
L-MXR-18 0.999938 945.399780 1050.226562 1650.601196 1397.173340
L-MXR-19 0.999994 160.269104 2180.246582 936.510681 2636.473633
L-MXR-20 0.999987 65.469574 1116.839233 902.372437 1534.581665
L-MXR-21 0.999998 651.628296 2197.430664 1520.837524 2680.706055
L-MYC-02 0.999967 1781.253418 1747.319092 2367.767578 2106.561768
L-MYC-03 0.999999 99.388214 2012.369507 607.126587 2293.992676
L-MYC-03 0.999988 884.182617 1512.508545 1411.257568 1807.174072
L-MYC-03 0.999986 1631.558960 841.571350 2227.835693 1128.016357
L-MYC-04 0.999988 1998.223389 898.308594 2655.479248 1211.743408
L-MYC-04 0.999999 915.715210 99.474197 1522.469849 380.072083
L-MYC-04 0.999999 976.358643 1792.987183 1492.533203 2094.477539
L-MYC-06 0.009534 111.450562 1785.160156 579.210693 2111.187988
L-MYC-06 0.999995 827.169495 1851.775513 1341.797363 2117.505859
L-MYC-06 1.000000 1243.918335 803.247925 1775.644653 1107.079224
L-MYC-06 0.999997 1092.302856 96.531433 1643.644653 402.697693
L-MYC-06 0.999995 1873.771973 931.392151 2468.136230 1193.809082
L-MYC-07 1.000000 493.728668 927.482178 1064.625977 1217.093994
L-MYC-07 1.000000 2003.690430 1838.349243 2544.204102 2128.207764
L-MYC-08 0.999999 1631.866211 1718.673706 2139.906494 2022.848267
L-MYC-08 0.999920 1027.849487 125.075058 1549.933716 409.316772
L-MYC-09 0.999996 1895.569336 80.124863 2364.643066 382.514954
L-MYC-10 0.999981 1826.574219 1801.578247 2293.295898 2070.274170
L-MYC-11 0.999999 900.903625 2394.667236 1466.609863 2696.461670
L-MYC-12 0.999988 958.580200 1043.729004 1510.064575 1317.154785
L-MYC-13 0.999996 693.947388 80.338760 1233.822876 372.109192
L-MYC-14 0.999998 141.404663 2128.263672 707.975220 2410.479980
L-MYC-15 0.999853 709.150452 46.697098 1325.482910 368.293884
L-MYC-16 0.998778 456.687347 336.093109 1048.655029 652.977295
L-MYC-17 1.000000 278.709076 791.617310 952.118530 1114.810181
L-MYC-17 0.999999 2044.601440 1739.022827 2573.380127 2010.100708
L-MYC-17 0.994656 1425.334717 1763.344727 1913.906494 2032.798340
L-MYC-18 1.000000 125.668274 827.770996 647.872620 1078.886353
L-MYC-18 0.999999 1079.125854 1018.938293 1576.562866 1274.588745
L-MYC-19 0.999999 169.490387 2632.499512 765.901611 2981.642578
L-MYC-20 1.000000 108.191986 984.128174 623.524536 1277.706543
L-MYC-21 0.999999 539.592896 2310.675781 1072.724731 2592.564453
L-RYP-02 0.999989 2314.874268 3158.874512 3166.004150 3837.782715
L-RYP-03 0.999943 163.084564 3730.207275 1002.810303 4276.133301
L-RYP-03 0.999980 1185.331421 2751.671631 2092.934570 3326.820557
L-RYP-03 0.999984 2035.009399 1372.861328 3195.463867 2069.025391
L-RYP-04 0.999999 1241.704956 2692.837891 2208.023438 3435.259277
L-RYP-04 0.999859 1205.100830 67.947113 2124.877441 677.643433
L-RYP-04 0.999655 2412.351807 1084.740234 3326.467529 1692.677002
L-RYP-06 0.999999 1151.803101 2939.667969 2225.750488 3700.129883
L-RYP-06 0.999994 1021.550049 43.872375 2366.030273 828.888123
L-RYP-06 0.999984 2413.296875 1382.346680 3316.936523 2061.078857
L-RYP-07 0.999997 1921.999023 3256.191162 3227.429688 4083.336670
L-RYP-07 0.999998 247.540344 1358.345703 1312.835938 2038.414062
L-RYP-08 1.000000 1010.196289 52.256744 1786.160156 538.092041
L-RYP-08 0.999859 2155.024170 2217.208740 3119.919678 2866.184326
L-RYP-09 0.999990 2041.378662 229.790100 2974.315674 816.899475
L-RYP-10 0.999999 2397.876953 2252.219238 3216.937012 2842.866699
L-RYP-11 0.999967 1112.071777 3814.014160 2262.921143 4511.709473
L-RYP-11 0.986819 1257.288330 114.708679 2120.670410 698.359985
L-RYP-12 0.999999 1238.526123 1789.459961 2290.006348 2478.734375
L-RYP-13 0.999998 1079.322266 58.597504 2117.852051 722.143066
L-RYP-14 0.999928 149.136383 2909.619629 1076.874634 3547.601562
L-RYP-15 0.999999 1007.630188 66.152008 2150.044189 707.962769
L-RYP-16 0.999345 517.938538 539.056030 1399.219482 1120.763306
L-RYP-17 0.999989 234.546265 1308.480103 1272.644531 1990.702759
L-RYP-17 0.999982 2638.169189 2692.684326 3355.572998 3267.025146
L-RYP-17 0.999946 1740.470947 3458.139404 2649.422607 4028.195068
L-RYP-18 0.999977 77.536652 1218.207397 922.420166 1760.658813
L-RYP-18 0.999968 1129.833862 1491.469238 2070.777832 2098.992676
L-RYP-19 0.999997 70.101013 3543.211914 1151.781250 4182.123047
L-RYP-20 0.999998 30.025330 1515.794067 1125.745361 2169.694580
L-RYP-21 0.999997 886.439087 3448.548828 1967.757202 4191.996094
L-WJY-02 1.000000 2954.828613 2943.588135 3662.934082 3444.871338
L-WJY-03 0.999999 2672.891602 1383.155884 3672.664062 1884.412720
L-WJY-03 0.999993 150.978882 3641.366211 997.577393 4171.636230
L-WJY-03 0.999899 1610.745728 2501.522705 2530.150146 2987.844971
L-WJY-04 0.023274 138.903259 2596.835693 868.642578 3025.773682
L-WJY-04 0.096429 486.295105 1449.642334 1214.854248 1869.943848
L-WJY-04 1.000000 1535.972290 2513.523926 2552.487549 3051.436035
L-WJY-04 1.000000 3704.091309 1250.994263 4716.592285 1849.288696
L-WJY-04 1.000000 1724.506836 240.785858 2678.039551 794.903442
L-WJY-06 1.000000 3632.033691 1298.210571 4651.565918 1791.253784
L-WJY-06 0.999999 133.167084 2630.905762 854.899902 3136.808594
L-WJY-06 0.999395 401.167114 1433.415405 1084.666382 1810.476440
L-WJY-06 0.999221 1639.043213 198.952301 2875.510498 766.157593
L-WJY-06 1.000000 1400.179932 2641.480469 2234.975098 3113.031738
L-WJY-07 1.000000 2946.283447 2356.072266 3786.763428 2815.802246
L-WJY-07 1.000000 472.090820 1272.175049 1276.638306 1715.099854
L-WJY-08 1.000000 1784.515137 92.117340 2809.489746 674.683838
L-WJY-08 0.999994 3076.988770 3142.991455 4199.275391 3810.864014
L-WJY-09 1.000000 3426.106445 104.154083 4460.343262 675.244995
L-WJY-10 1.000000 3750.473145 1668.321655 4757.925293 2287.778809
L-WJY-11 0.999992 1565.077637 3210.097168 2761.582520 3825.875488
L-WJY-12 0.999785 1772.890747 1331.973145 2788.402344 1849.135742
L-WJY-13 0.999981 1461.810303 85.431763 2639.836182 748.606201
L-WJY-14 0.999988 160.947327 2921.141602 1239.935547 3619.125977
L-WJY-15 0.999998 1239.286133 112.594330 2273.388916 733.589111
L-WJY-16 0.999990 722.848633 604.424561 1635.573486 1152.147339
L-WJY-17 1.000000 373.755219 1401.079712 1224.523193 1868.225464
L-WJY-17 1.000000 3588.484375 2441.517578 4509.242676 2950.069336
L-WJY-17 1.000000 2441.413086 2477.604004 3288.406738 3025.486328
L-WJY-18 1.000000 1833.141968 1480.112061 2862.315430 1972.459717
L-WJY-18 0.999955 160.551819 1330.968262 1175.610596 1895.177002
L-WJY-19 0.999988 269.376648 3535.689453 1315.586182 4184.466309
L-WJY-20 0.999998 125.135315 1219.104858 1041.944336 1764.647583
L-WJY-21 0.999991 934.163086 3638.046631 2140.006836 4322.866211
L-WXL-02 0.999981 1651.739746 1423.414795 2173.786133 1734.105713
L-WXL-03 0.999998 1306.967041 734.271118 1822.908203 1001.468384
L-WXL-03 0.999993 892.597839 1320.270508 1356.197754 1603.540283
L-WXL-03 0.999989 131.157211 1851.630005 617.761230 2094.452393
L-WXL-04 1.000000 672.330750 1608.745972 1158.185303 1935.249146
L-WXL-04 0.999998 1978.507690 756.330994 2466.235352 1092.820312
L-WXL-04 0.999990 891.093872 186.148743 1472.795776 463.775940
L-WXL-06 0.010167 131.344269 1512.093872 644.167480 1788.168579
L-WXL-06 1.000000 863.422791 1548.360718 1317.981689 1825.464722
L-WXL-06 1.000000 1171.693237 83.235641 1681.005249 462.347717
L-WXL-06 0.999996 2105.547119 724.063904 2558.562744 983.775452
L-WXL-07 1.000000 514.325317 1075.041260 1035.589478 1397.243408
L-WXL-07 0.999999 1880.886719 1776.041748 2466.660645 2111.914062
L-WXL-08 1.000000 1371.084961 87.862091 1872.325439 451.879425
L-WXL-08 1.000000 2180.770996 1473.967285 2829.317871 1867.317871
L-WXL-09 0.999999 2021.797363 352.446777 2588.326660 710.089600
L-WXL-10 0.999999 2223.801270 899.208740 2854.760742 1330.441406
L-WXL-11 0.999986 1107.688965 2134.164062 1838.832764 2564.262695
L-WXL-12 0.999997 1769.450562 1339.915039 2460.676758 1744.771484
L-WXL-13 0.999929 909.557129 167.709305 1700.834717 621.363159
L-WXL-14 0.999972 219.214050 1942.936768 761.531616 2328.437256
L-WXL-15 0.999985 1030.793701 106.507248 1742.812256 533.045898
L-WXL-16 0.999974 567.602844 750.846802 1252.460693 1221.307739
L-WXL-17 1.000000 2270.750000 1555.925659 2812.370117 1853.775269
L-WXL-17 1.000000 1617.180054 1586.834106 2139.085938 1894.377808
L-WXL-17 1.000000 466.385498 815.025818 1038.712402 1123.232178
L-WXL-18 1.000000 907.248169 917.890320 1401.511597 1175.809082
L-WXL-18 1.000000 341.813538 845.975708 781.264221 1135.741211
L-WXL-19 0.999997 180.377655 3154.133301 1031.143677 3641.453613
L-WXL-20 0.999997 53.202271 1197.021240 671.770508 1569.030762
L-WXL-21 1.000000 891.555420 2507.584717 1535.105713 2868.071045
L-WZ-02 1.000000 1892.618774 1403.615967 2540.405762 1715.898438
L-WZ-03 1.000000 1031.072388 1328.087402 1622.663940 1642.554199
L-WZ-03 0.999999 97.830017 2063.070801 665.664673 2379.913086
L-WZ-03 0.999979 1852.151367 726.996338 2465.437012 1051.562866
L-WZ-04 0.867250 148.591370 1540.513062 670.252808 1862.922485
L-WZ-04 1.000000 972.173279 1582.670410 1579.309326 1894.619629
L-WZ-04 1.000000 2476.333496 919.488586 3029.858887 1229.606323
L-WZ-04 0.999998 1304.045410 86.754501 1943.073730 455.752197
L-WZ-06 1.000000 2216.493164 807.491943 2779.664062 1154.874146
L-WZ-06 1.000000 889.989746 1699.175171 1447.187744 2018.116577
L-WZ-06 0.999994 1369.811279 118.211929 2023.698730 448.418579
L-WZ-07 0.999998 482.311890 716.115112 1002.161133 1030.463379
L-WZ-07 1.000000 1700.844727 1447.032593 2240.492188 1757.306030
L-WZ-08 0.999999 1686.868164 57.072586 2398.104248 417.046997
L-WZ-08 0.999990 2779.870605 2034.818115 3443.875488 2387.682373
L-WZ-09 0.999999 2548.499023 145.929230 3278.944824 562.013672
L-WZ-10 1.000000 2828.275391 1603.631226 3686.338867 2031.870728
L-WZ-11 1.000000 941.556213 2352.868652 1843.475098 2792.321777
L-WZ-12 1.000000 1576.277100 1241.542114 2499.451660 1709.876099
L-WZ-13 1.000000 1539.372803 65.796890 2398.862305 423.149841
L-WZ-14 1.000000 107.990295 2339.742676 770.041687 2658.250000
L-WZ-15 0.999980 1139.873047 132.362778 2099.285889 583.838684
L-WZ-16 0.999974 725.837524 474.573120 1532.845337 889.956543
L-WZ-17 1.000000 2278.462646 1394.440552 2831.853760 1683.143677
L-WZ-17 1.000000 1576.477905 1373.933716 2113.430176 1665.754761
L-WZ-17 0.999999 426.973511 640.069763 939.174805 895.263977
L-WZ-18 1.000000 73.822998 754.063721 578.861084 1013.359009
L-WZ-18 0.999998 1015.717834 782.207764 1517.717407 1083.401489
L-WZ-19 0.999998 108.324738 2598.685059 1042.407837 3070.958984
L-WZ-20 1.000000 87.997040 1036.534912 1011.323608 1522.370605
L-WZ-21 0.999980 934.128784 2627.953125 1872.560181 3085.996582
L-WZ1-02 0.999983 1520.749878 1552.147705 1979.338501 1872.586182
L-WZ1-03 1.000000 755.112793 1605.717407 1316.113281 1960.645142
L-WZ1-03 0.999995 54.023743 2359.324463 512.153076 2575.018311
L-WZ1-03 0.999937 1698.140747 902.690857 2403.640625 1242.623901
L-WZ1-04 0.999998 812.359741 1494.197632 1411.663940 1814.166138
L-WZ1-04 0.999993 2275.498291 950.865295 2721.728271 1267.658447
L-WZ1-04 0.999859 797.568420 55.106995 1514.192627 477.295837
L-WZ1-06 0.999997 1827.533569 759.863892 2404.088867 1066.200195
L-WZ1-06 0.999966 734.427002 88.109680 1377.558594 415.936371
L-WZ1-07 1.000000 1614.477173 1641.045776 2091.352539 1932.471069
L-WZ1-07 1.000000 293.545898 855.143799 756.573120 1145.166748
L-WZ1-08 1.000000 1399.540527 47.517395 2028.828369 350.032837
L-WZ1-08 1.000000 2017.504150 1420.117554 2621.857178 1778.047729
L-WZ1-09 0.999926 1543.468506 236.429214 2119.631836 566.228210
L-WZ1-10 1.000000 2230.325684 1107.093140 2915.993164 1456.417114
L-WZ1-11 0.999997 596.650757 1988.322754 1182.401123 2289.507324
L-WZ1-12 0.999995 1124.137695 954.199951 1748.460449 1262.439697
L-WZ1-13 1.000000 796.694946 93.194885 1439.162964 422.984497
L-WZ1-14 0.999992 230.926147 1318.259888 846.966797 1641.879028
L-WZ1-15 0.999997 672.634277 58.840683 1406.432129 439.431641
L-WZ1-16 0.999981 561.672119 214.134033 1202.366577 627.786682
L-WZ1-17 1.000000 386.450195 800.279663 964.864502 1131.838379
L-WZ1-17 1.000000 2300.049072 1529.159424 2800.723877 1867.345947
L-WZ1-17 0.999781 1614.474365 1547.847778 2137.372559 1879.520142
L-WZ1-18 0.999999 1065.545776 918.663147 1608.228882 1221.545654
L-WZ1-18 0.999970 139.768951 691.358215 692.362183 1043.570557
L-WZ1-19 0.999993 328.645172 2317.248535 915.478271 2666.716309
L-WZ1-20 0.999939 127.341858 806.311768 779.742737 1157.549805
L-WZ1-21 1.000000 878.534790 1970.334229 1515.100952 2325.257568
L-XTQ-02 0.999997 1704.778320 1730.973755 2143.052490 1972.896362
L-XTQ-03 0.999992 1367.839355 617.602722 1863.931641 858.982971
L-XTQ-03 0.999983 697.186035 1127.603638 1157.547607 1394.670776
L-XTQ-03 0.999957 92.876907 1758.190674 579.795166 1982.211182
L-XTQ-04 1.000000 884.457031 1728.379150 1546.859131 2051.940674
L-XTQ-04 0.999998 2417.170410 767.372803 3059.301270 1109.699097
L-XTQ-04 0.999956 1200.114014 77.778107 1825.115967 396.491241
L-XTQ-06 0.999999 823.553345 1689.121582 1414.602661 1965.576660
L-XTQ-06 0.999997 2367.168213 868.686890 2991.043701 1151.992310
L-XTQ-06 0.999880 1199.704590 71.373154 1869.745361 429.927551
L-XTQ-07 0.999999 487.943024 940.400024 1161.985229 1249.730835
L-XTQ-07 0.999998 2050.396240 1860.253174 2754.623779 2116.902344
L-XTQ-08 1.000000 2141.833984 1634.637329 2807.660156 1999.782349
L-XTQ-08 0.999997 1369.784058 78.003830 2041.166382 400.499512
L-XTQ-09 0.999989 1859.307129 79.486679 2574.383789 414.870483
L-XTQ-10 0.999922 2299.442383 952.129150 2963.545410 1248.371338
L-XTQ-11 1.000000 839.733032 2152.216064 1538.267212 2440.250732
L-XTQ-12 0.999990 1368.911377 955.937012 2064.058105 1258.679443
L-XTQ-13 0.999999 826.010254 63.813889 1536.234131 410.370911
L-XTQ-14 0.999897 74.208893 1736.078613 780.127441 2098.625732
L-XTQ-15 0.999793 890.128174 54.525375 1603.321045 417.558228
L-XTQ-17 1.000000 2654.068115 1800.131714 3226.496826 2070.206543
L-XTQ-17 1.000000 416.432617 832.566467 1161.813477 1143.677002
L-XTQ-17 0.999998 1835.582642 1775.172852 2448.128174 2049.311523
L-XTQ-18 0.999999 221.014069 962.688477 838.632568 1236.308350
L-XTQ-18 0.999547 1066.439209 942.483032 1628.338135 1224.857056
L-XTQ-19 1.000000 195.202423 2218.353271 894.215698 2532.986084
L-XTQ-20 1.000000 28.707092 950.493591 756.077576 1281.426880
L-XTQ-21 1.000000 439.741272 2585.449219 1228.830322 2943.668457
L-ZJY-02 0.999983 1693.480957 1712.407593 2240.137695 2025.327026
L-ZJY-03 1.000000 1163.118896 1389.042236 1677.345947 1687.303955
L-ZJY-03 0.999998 157.341156 2116.235596 751.333862 2457.867920
L-ZJY-03 0.999994 1928.434082 663.979004 2523.320801 1019.039551
L-ZJY-04 1.000000 965.692017 1892.276001 1567.295288 2247.563232
L-ZJY-04 0.999998 2109.289551 888.368408 2655.219727 1211.634033
L-ZJY-04 0.999995 1066.873779 64.866684 1711.718262 398.223022
L-ZJY-06 0.999999 2309.832031 955.363770 2925.400879 1285.973389
L-ZJY-06 0.999999 940.426514 1893.966553 1643.465088 2277.560791
L-ZJY-06 0.999980 1421.885132 109.717209 2160.517334 505.960266
L-ZJY-07 0.999997 593.913452 717.634460 1190.291992 1069.054443
L-ZJY-07 0.006559 2022.877808 1724.995972 2625.941406 2054.224365
L-ZJY-08 0.999998 2056.777344 1370.054810 2747.800781 1750.105347
L-ZJY-08 0.999982 1454.430664 84.666153 2034.425781 427.037048
L-ZJY-09 0.999995 2041.673828 156.866653 2861.290527 573.654785
L-ZJY-10 1.000000 2145.421143 875.353149 2780.384033 1275.994751
L-ZJY-11 0.999987 907.275146 2247.856934 1584.195557 2667.587891
L-ZJY-12 0.999921 1361.289429 846.728760 2025.369263 1176.899902
L-ZJY-13 0.999986 747.259155 79.089127 1432.154663 472.374451
L-ZJY-14 0.999981 122.227539 2034.653809 849.528564 2444.143555
L-ZJY-15 0.999997 962.217651 87.147522 1818.834595 514.886963
L-ZJY-16 0.999876 683.006165 309.111877 1270.947998 671.199158
L-ZJY-17 1.000000 2297.685547 1646.627197 2894.501953 1972.429932
L-ZJY-17 1.000000 1585.482910 1542.781738 2164.437256 1873.758301
L-ZJY-17 0.999998 459.576019 733.273987 1095.971924 1081.929565
L-ZJY-18 0.999999 1154.527222 1042.102295 1784.045044 1369.554199
L-ZJY-18 0.999945 156.835114 954.264282 766.854004 1325.628296
L-ZJY-19 0.999997 195.159515 2362.399658 887.015381 2718.321045
L-ZJY-20 0.999903 97.647308 1050.029785 821.589233 1461.335938
L-ZJY-21 0.999980 640.932251 2335.811035 1403.491821 2812.467285
L-ZLS-02 0.999996 1583.524902 1910.305908 2179.019043 2281.968506
L-ZLS-03 1.000000 617.462585 1374.901367 1121.765503 1704.143799
L-ZLS-03 0.999989 1349.410400 766.663330 1988.197021 1122.821045
L-ZLS-03 0.999984 74.736603 2006.531250 658.446533 2372.599609
L-ZLS-04 0.008229 85.744766 1565.802490 505.562012 1857.851318
L-ZLS-04 1.000000 562.308472 1586.918945 1138.937378 1923.956055
L-ZLS-04 0.999998 1793.295654 831.030518 2463.276611 1191.085449
L-ZLS-04 0.999992 900.815308 32.358292 1535.110718 399.147705
L-ZLS-06 0.999999 744.560547 2112.739014 1555.829834 2530.784912
L-ZLS-07 0.999984 150.304291 1824.838867 778.829712 2259.276123
L-ZLS-08 1.000000 1175.844482 52.060440 1711.697510 347.318970
L-ZLS-08 0.999983 1490.618408 1201.574097 2076.915283 1543.907104
L-ZLS-09 0.999991 1479.884033 173.158768 2099.390869 514.876343
L-ZLS-10 0.999995 1900.706909 1010.857178 2384.048584 1300.323730
L-ZLS-11 0.999894 694.795410 1333.863892 1288.869629 1668.548462
L-ZLS-12 0.999959 892.744324 776.058167 1451.155273 1124.632935
L-ZLS-13 0.999989 695.454712 50.081375 1323.195312 417.669434
L-ZLS-14 0.999987 1087.351318 1584.789673 1621.123535 1944.393677
L-ZLS-15 0.999983 629.217773 75.022476 1258.859375 468.874084
L-ZLS-16 0.999854 221.001465 399.403778 797.370667 781.513672
L-ZLS-17 0.999995 1748.722290 1398.469727 2327.247314 1768.730469
L-ZLS-17 0.999984 1132.735352 1387.959351 1667.480225 1735.379272
L-ZLS-17 0.999974 194.736786 676.211243 809.909180 973.388611
L-ZLS-18 0.999969 60.956818 931.418335 665.599976 1231.534790
L-ZLS-18 0.999913 783.572754 955.655762 1394.407715 1308.138184
L-ZLS-19 0.999987 212.878723 2204.145264 854.362366 2583.758545
L-ZLS-20 0.999984 80.420471 794.610107 655.941284 1124.103394
L-ZLS-21 0.999997 1218.917969 3547.847656 2286.020752 4281.820312
L-ZRY-02 0.999997 1893.227295 1768.303223 2645.227783 2195.018066
L-ZRY-03 0.999994 45.223663 1917.105469 723.969360 2269.304199
L-ZRY-03 0.999992 818.897583 1235.720947 1445.135376 1574.887207
L-ZRY-03 0.999858 1519.404419 580.328125 2132.377441 937.411011
L-ZRY-04 1.000000 2173.109863 771.742920 2792.009277 1113.643066
L-ZRY-04 1.000000 778.722290 1480.718994 1435.153931 1850.504395
L-ZRY-04 0.999997 1033.216064 52.129959 1945.066895 480.762817
L-ZRY-06 0.999998 2057.361084 668.668640 2702.395264 1038.648193
L-ZRY-06 0.999994 1083.009277 96.774582 1848.149658 497.283325
L-ZRY-06 0.999857 746.231812 1439.737427 1408.457642 1837.624146
L-ZRY-07 0.999997 411.823364 859.491028 1193.912720 1218.601318
L-ZRY-07 0.999969 1464.576050 1463.095703 2111.095215 1822.039062
L-ZRY-08 1.000000 2106.987793 1498.077026 2829.796875 1892.937134
L-ZRY-08 0.999979 1477.041504 53.346649 2178.125732 401.375641
L-ZRY-09 0.999988 2031.076904 266.823242 2753.957275 676.556763
L-ZRY-10 1.000000 2646.472168 1027.921875 3307.505859 1465.390625
L-ZRY-11 0.999995 933.413696 2318.795166 1694.096802 2785.305420
L-ZRY-12 0.999716 1248.532959 961.272705 1905.551758 1351.137695
L-ZRY-13 0.999869 1006.672974 95.189957 1822.442261 527.969666
L-ZRY-14 0.999986 97.259064 1722.654297 817.316650 2140.641846
L-ZRY-15 0.999998 708.192505 59.966766 1559.894409 457.588531
L-ZRY-16 0.999936 280.645996 261.075989 1138.530396 739.709900
L-ZRY-17 0.999889 1809.689331 1276.498047 2407.380615 1615.789062
L-ZRY-17 1.000000 346.379944 680.649902 930.663269 974.748535
L-ZRY-17 0.999994 1290.362915 1296.406006 1825.391235 1619.394043
L-ZRY-18 0.999996 887.470093 916.639893 1476.773071 1249.213623
L-ZRY-18 0.999979 335.263336 894.090393 885.138306 1200.862549
L-ZRY-19 0.999988 135.142670 2634.487305 990.929565 3162.974121
L-ZRY-20 0.999990 51.213745 958.825806 864.925964 1414.776245
L-ZRY-21 0.999939 618.849609 2271.838379 1278.184204 2684.721680
L-ZTQ-02 0.999991 1914.008301 2248.938721 2966.513184 2868.586670
L-ZTQ-03 0.999999 51.902161 2689.946045 857.265930 3259.396240
L-ZTQ-03 0.999850 1009.867798 1808.907715 1717.595825 2284.294434
L-ZTQ-03 0.997936 1625.003296 817.776733 2353.401855 1275.658569
L-ZTQ-04 0.999999 773.633911 2077.137451 1438.697388 2566.621338
L-ZTQ-04 0.999998 2166.363037 1046.082031 2903.854248 1535.688965
L-ZTQ-04 0.999947 1091.780396 33.339340 1973.576294 525.009277
L-ZTQ-06 0.999998 749.743896 2459.494629 1562.245605 2955.030762
L-ZTQ-06 0.999996 975.711121 80.230255 2134.535400 705.863770
L-ZTQ-06 0.999994 1967.462891 1130.689087 2803.579102 1628.657104
L-ZTQ-07 0.999977 2029.342773 2509.992188 2767.040039 2965.435059
L-ZTQ-07 0.999040 434.526398 1132.983154 1062.700317 1573.410645
L-ZTQ-08 1.000000 2091.313232 1910.986450 2808.877686 2343.407959
L-ZTQ-08 0.999998 1039.725586 55.559296 1896.804932 526.466187
L-ZTQ-09 0.999997 1987.945801 106.730835 2875.347168 629.596741
L-ZTQ-10 0.999995 2463.073486 1410.445801 3177.606201 1913.293701
L-ZTQ-11 0.999999 823.801636 2769.996582 1812.258667 3294.834961
L-ZTQ-12 0.999998 1200.703979 1067.974609 1963.212280 1591.815918
L-ZTQ-13 0.999958 991.875732 66.453888 1779.959229 515.812012
L-ZTQ-14 0.999986 67.733856 2223.887451 846.922607 2719.373291
L-ZTQ-15 0.999994 948.725952 34.297195 1686.532104 449.309387
L-ZTQ-16 0.999976 398.422882 335.555908 1057.375366 762.373535
L-ZTQ-17 0.999999 1677.427612 2159.849365 2321.662109 2582.279053
L-ZTQ-17 0.999995 2381.174805 2209.252686 3039.163086 2643.360596
L-ZTQ-17 0.999979 402.218964 1264.956909 1123.885254 1742.312622
L-ZTQ-18 1.000000 1048.691162 1194.434204 1705.414062 1645.056519
L-ZTQ-18 0.999999 139.967194 1203.223633 908.025635 1697.903564
L-ZTQ-19 0.999998 73.273285 2684.317383 975.488159 3212.794922
L-ZTQ-20 0.999975 16.017792 1010.704712 721.721924 1421.699585
L-ZTQ-21 0.999999 426.456360 2537.886475 1327.143311 3189.559814
L-ZYL-02 0.999998 1658.731201 1856.008789 2242.593750 2232.327881
L-ZYL-03 0.999995 1495.525757 706.935059 2134.169434 1124.561035
L-ZYL-03 0.999992 96.593689 2030.987549 767.409912 2413.709229
L-ZYL-03 0.999937 922.283936 1371.782349 1509.047852 1731.919556
L-ZYL-04 0.999999 863.271973 1562.243774 1413.159180 1917.944946
L-ZYL-04 0.999997 1122.736206 78.635086 1692.105591 435.702271
L-ZYL-04 0.999968 1957.246582 784.990723 2573.320801 1186.166870
L-ZYL-06 1.000000 855.933044 1413.189575 1386.339355 1760.548462
L-ZYL-06 0.999998 2165.730957 702.456360 2746.597656 1056.550049
L-ZYL-06 0.999968 1285.541016 54.573746 1891.027832 393.401428
L-ZYL-07 0.999993 1590.371582 1316.146851 2233.137207 1674.458862
L-ZYL-07 0.990774 480.554993 617.251953 1093.688232 920.877197
L-ZYL-08 1.000000 2903.953613 1573.062866 3703.840820 2033.045532
L-ZYL-08 1.000000 1795.813721 56.296448 2588.690674 535.380188
L-ZYL-09 0.999986 2816.666504 118.269073 3709.946289 582.653442
L-ZYL-10 0.999971 2982.302734 1265.711792 3716.225586 1680.226196
L-ZYL-11 0.999999 1205.428955 2694.863281 2127.125000 3257.259766
L-ZYL-12 0.999997 1962.980225 1204.052734 2722.215576 1607.081055
L-ZYL-13 0.999993 1263.114624 38.760605 2054.598633 524.674500
L-ZYL-14 0.999845 70.384644 2044.114380 902.007690 2516.680908
L-ZYL-15 0.999914 958.484314 60.524353 1762.778564 482.028564
L-ZYL-16 0.999983 821.673462 645.491394 1716.893677 1107.080322
L-ZYL-17 1.000000 498.255798 610.978699 1084.380127 955.559143
L-ZYL-17 0.999999 1981.557861 1287.839966 2511.911865 1602.847046
L-ZYL-17 0.999996 1390.835205 1313.714355 1919.216797 1624.249023
L-ZYL-18 1.000000 1176.502563 760.800842 1778.842407 1084.472778
L-ZYL-18 1.000000 72.812042 732.910950 674.517822 1047.880371
L-ZYL-19 0.999999 98.097870 2267.308105 951.401489 2732.920410
L-ZYL-20 0.999994 32.307159 1024.692017 918.733032 1459.941528
L-ZYL-21 0.999976 759.297119 2882.387451 1592.288086 3358.145752
L-ZYR-02 0.999940 1890.593750 2031.426636 2428.347656 2307.649902
L-ZYR-03 1.000000 1055.824707 1355.917480 1579.304443 1645.354980
L-ZYR-03 0.999996 143.583160 1973.650879 776.451660 2291.791016
L-ZYR-03 0.999963 1750.865356 786.809998 2321.800537 1115.951904
L-ZYR-04 0.999692 1008.516785 66.538467 1738.395752 393.489868
L-ZYR-04 1.000000 2018.312988 933.650391 2633.472656 1275.406006
L-ZYR-04 0.999981 758.315430 1688.160767 1383.900635 2057.700928
L-ZYR-06 0.999891 1178.358154 70.643188 1792.692139 487.063843
L-ZYR-06 1.000000 2196.106445 799.059814 2784.645508 1116.382446
L-ZYR-06 0.999988 815.120667 1469.429810 1397.797852 1770.118774
L-ZYR-07 0.999928 1977.914062 1437.122925 2599.435547 1781.884888
L-ZYR-07 1.000000 487.094910 581.630798 1118.825195 902.358582
L-ZYR-08 0.999997 1624.277832 5.172089 2389.298340 441.267242
L-ZYR-08 0.999990 3018.999512 1930.291870 3716.254395 2332.427246
L-ZYR-09 1.000000 2857.349609 1.414185 3651.443848 515.278809
L-ZYR-10 0.999999 3427.021484 1463.234741 4146.338379 1969.735962
L-ZYR-11 0.011595 1406.223145 1.000000 2335.487793 426.240814
L-ZYR-11 0.999997 1266.386353 2656.916992 2256.156738 3104.576660
L-ZYR-12 0.999997 1932.634766 947.356323 2603.542480 1442.132690
L-ZYR-13 0.999989 1084.987549 9.567749 2118.766602 550.642212
L-ZYR-14 0.999982 3.777924 1765.571533 754.444092 2285.129639
L-ZYR-15 0.999981 1035.575195 13.378418 2111.066895 604.037354
L-ZYR-16 0.999999 970.285156 323.109436 1744.158691 788.682312
L-ZYR-17 1.000000 1603.792725 1428.972046 2174.488525 1745.513306
L-ZYR-17 0.999991 542.937012 699.144958 1124.139160 1099.120728
L-ZYR-17 0.999915 2336.126709 1487.376465 2924.646729 1803.489502
L-ZYR-18 1.000000 1152.734253 789.072449 1836.819946 1139.124512
L-ZYR-18 1.000000 93.643707 713.464783 741.484497 1085.143311
L-ZYR-19 0.999998 1.000000 3176.193848 908.394165 3740.693359
L-ZYR-20 0.999994 26.607513 1040.828613 938.248047 1484.588135
L-ZYR-21 0.999996 966.788574 2542.670898 1855.123291 3049.539551
L-ZZY-02 0.999953 1372.047607 2080.450439 1908.189697 2460.508057
L-ZZY-03 0.999999 1139.787476 689.265198 1648.556274 985.638855
L-ZZY-03 0.999992 75.908112 1722.203003 490.621368 2030.984497
L-ZZY-03 0.999889 673.356079 1251.739502 1101.493286 1591.236328
L-ZZY-04 0.999996 567.630798 1501.091431 1236.046875 2009.979370
L-ZZY-04 0.999994 1641.890503 757.131165 2315.157959 1196.852295
L-ZZY-04 0.999839 721.429443 76.616653 1315.469116 408.908020
L-ZZY-06 0.999998 531.507019 1594.434814 968.737732 1904.251709
L-ZZY-07 0.999998 80.125580 1391.517090 447.050751 1616.445801
L-ZZY-08 1.000000 773.524109 73.162674 1130.458740 305.123169
L-ZZY-08 0.999993 1221.900635 919.337646 1651.311768 1175.192139
L-ZZY-09 0.999995 1256.184570 92.012650 1752.507324 356.069275
L-ZZY-10 0.999998 1521.956177 566.725220 1859.110229 762.338501
L-ZZY-11 0.999893 506.404602 855.242310 890.668884 1080.771240
L-ZZY-12 0.999986 991.211792 664.265442 1444.314575 947.453430
L-ZZY-13 0.999976 616.879578 30.801300 1023.485046 297.607819
L-ZZY-14 0.999988 966.653564 1098.421631 1311.915527 1324.016602
L-ZZY-15 0.999946 625.705139 42.121078 1089.447021 310.791748
L-ZZY-16 0.999865 162.368179 268.105774 638.156067 532.219727
L-ZZY-17 1.000000 1202.717529 1296.833618 1691.926758 1598.444458
L-ZZY-17 1.000000 1786.641357 1434.931519 2231.455322 1700.524780
L-ZZY-17 0.999988 273.090729 589.938965 822.551880 893.385864
L-ZZY-18 0.999995 160.021622 646.987549 640.178467 904.459351
L-ZZY-18 0.999422 739.331665 618.396606 1112.132080 868.181274
L-ZZY-19 1.000000 143.071838 1441.012207 503.498657 1674.238037
L-ZZY-20 1.000000 53.745041 506.956512 441.199829 728.838257
L-ZZY-21 0.999990 461.155090 1212.260132 829.492859 1436.273071
L-ZZY1-02 0.999989 1579.372803 1410.189697 2163.114014 1777.197510
L-ZZY1-03 0.999997 608.771851 1428.925171 1157.129517 1820.156372
L-ZZY1-03 0.999995 72.879578 2233.251221 633.466614 2611.578369
L-ZZY1-03 0.999978 1089.365112 740.144531 1787.829224 1257.810059
L-ZZY1-04 1.000000 451.739044 1502.102051 904.962524 1794.750488
L-ZZY1-04 0.999993 856.114319 36.160645 1492.784424 470.463989
L-ZZY1-04 0.999985 1615.347534 809.703186 2138.976318 1182.267700
L-ZZY1-06 0.999991 616.254639 1926.783936 1183.511230 2259.083252
L-ZZY1-08 0.999998 1556.586548 1057.731323 1977.141479 1377.071655
L-ZZY1-08 0.999975 1057.666016 49.783813 1490.467529 311.797546
L-ZZY1-09 0.999988 1466.104736 188.507675 1935.907715 481.801880
L-ZZY1-10 0.999996 1729.855835 1026.432129 2087.633545 1351.948242
L-ZZY1-11 0.999916 486.924988 1297.201050 1091.119385 1680.541382
L-ZZY1-12 0.999978 1125.004883 910.045532 1784.486816 1307.266235
L-ZZY1-13 0.999997 928.432007 37.614288 1639.457397 463.583466
L-ZZY1-14 0.999916 1467.894409 1499.380981 1990.228882 1840.557739
L-ZZY1-15 0.999999 656.674744 18.645782 1356.503662 429.845001
L-ZZY1-16 0.999393 149.525574 340.882141 596.879211 660.360168
L-ZZY1-17 1.000000 1097.320679 1500.252686 1511.165649 1791.142578
L-ZZY1-17 0.999991 1672.850220 1459.645752 2154.417236 1824.690918
L-ZZY1-17 0.999943 298.252716 755.917480 836.579468 1047.775757
L-ZZY1-18 0.999998 773.416504 790.396851 1222.770874 1115.958496
L-ZZY1-18 0.999961 66.811768 774.596802 553.406006 1127.963379
L-ZZY1-19 1.000000 84.537781 1866.418701 597.075256 2170.413818
L-ZZY1-20 0.999981 64.196259 900.142395 523.400635 1208.078979
L-ZZY1-21 0.999976 406.340271 1800.052490 823.122253 2036.938965
