L-CJB-07 1.000000 2108.613770 1048.745239 2673.261719 1387.641724
L-CJB-08 1.000000 82.334534 298.055756 676.416870 771.908203
L-CJB-09 0.999732 1766.885498 1990.146484 2511.760986 2459.168457
L-CJB-10 1.000000 1111.170166 68.980499 1810.795898 532.764160
L-CJB-11 0.999947 1178.364746 1632.580200 1925.372803 2049.218750
L-CJB-12 0.999999 2249.100830 1761.257080 2917.525146 2203.899170
L-CJB-13 0.999743 2268.094238 594.613037 2955.247070 1082.156006
L-CJB-14 0.999995 131.065552 590.398743 732.393188 1039.215332
L-CJB-15 0.999914 99.390228 2173.972412 785.761475 2672.955811
L-CJB-16 1.000000 1481.860107 48.101440 2133.058594 516.394592
L-CJB-18 1.000000 151.353394 311.563782 685.048462 675.028931
L-CJB-20 0.999972 1320.807495 2345.299072 1991.234497 2812.037354
L-CJB-21 0.999990 2261.743652 1731.750244 2959.366699 2180.992920
L-CXP-07 0.999998 2091.768555 954.883667 2578.213379 1211.303589
L-CXP-08 1.000000 113.859253 357.005798 595.420776 581.696472
L-CXP-09 0.999942 1783.285278 1643.674316 2258.388916 1935.102539
L-CXP-10 1.000000 926.565491 123.515106 1514.552734 450.417633
L-CXP-11 0.999999 1007.046143 1360.288452 1546.291016 1610.830933
L-CXP-12 1.000000 2235.450195 1346.263916 2807.423340 1661.256836
L-CXP-13 0.999998 2298.981689 621.175415 2816.178467 922.335327
L-CXP-14 0.999994 156.449921 421.947327 774.543335 784.828918
L-CXP-15 1.000000 127.504852 1775.451172 648.678345 2061.306152
L-CXP-16 1.000000 1563.675537 95.840714 2107.625977 407.917114
L-CXP-20 0.999984 971.419434 2408.562744 1595.653809 2762.922607
L-CXP-21 0.999711 2370.614990 1792.904175 2955.555908 2110.723389
L-CYQ-07 0.999988 2251.534424 1154.058960 3007.785889 1561.963745
L-CYQ-08 0.999998 162.314423 440.909454 919.428833 948.258545
L-CYQ-09 1.000000 1659.814331 1831.461792 2313.467285 2238.013428
L-CYQ-10 0.999382 979.220337 91.016754 1771.977661 592.305786
L-CYQ-11 1.000000 1209.514404 1759.970703 1917.874268 2145.893799
L-CYQ-12 0.999999 2651.400391 1529.867310 3242.485840 1906.467163
L-CYQ-13 0.999998 2387.004150 668.582947 3097.397705 1067.194702
L-CYQ-14 0.999995 122.084991 736.569214 781.001465 1207.754639
L-CYQ-15 0.999962 92.623566 2232.916016 940.194214 2730.748535
L-CYQ-16 0.999251 1606.453369 70.341248 2496.688232 499.128967
L-CYQ-18 0.999772 239.586060 137.457520 1032.386963 631.844299
L-CYQ-20 0.999955 1042.434448 2263.699951 1863.355591 2698.855713
L-CYQ-21 0.999998 2196.863770 1619.683960 2913.832031 2025.820435
L-FMZ-06 0.999996 877.085999 1481.630981 1257.039795 1720.094360
L-FMZ-07 0.999996 94.512772 370.156219 478.241394 621.359985
L-FMZ-08 0.999999 45.663742 321.192200 473.500244 579.206970
L-FMZ-09 0.999999 1301.991943 1400.497559 1665.078613 1640.363770
L-FMZ-10 1.000000 775.835571 26.635757 1184.149292 384.002869
L-FMZ-11 0.999990 1472.316040 822.340149 1811.736938 1074.334839
L-FMZ-12 0.999999 2028.592163 1051.824585 2397.027832 1339.308960
L-FMZ-13 0.999942 1609.780518 550.076782 1929.190674 747.795288
L-FMZ-14 1.000000 1589.006592 386.276062 2024.078125 711.522278
L-FMZ-15 0.999982 111.116898 1544.717529 498.004700 1782.909180
L-FMZ-16 1.000000 1372.359375 33.128983 1763.478027 348.963074
L-FMZ-18 0.999682 60.415680 81.984253 499.717560 351.774719
L-FMZ-20 0.999663 936.367249 1572.791260 1245.254517 1820.582031
L-FMZ-21 0.999998 1683.200562 1478.551758 2090.480469 1754.642334
L-GJJ-01 0.006062 1716.868896 368.328461 1878.766113 472.278656
L-GJJ-01 0.005731 1280.912964 367.239410 1453.980347 503.202118
L-GJJ-07 0.999996 1924.793213 893.973389 2403.497803 1161.861572
L-GJJ-08 0.999937 96.158600 270.741425 594.718384 569.471558
L-GJJ-09 0.999951 1464.309814 1503.165771 1949.378418 1802.635986
L-GJJ-10 0.999998 834.229431 82.429169 1323.091309 403.846832
L-GJJ-11 0.999994 1290.045288 1455.304443 1773.225220 1740.687256
L-GJJ-12 0.999936 2090.771240 1339.022217 2573.335693 1620.497070
L-GJJ-13 1.000000 2385.814941 639.153870 2825.598145 951.500916
L-GJJ-14 0.999986 208.380142 554.347046 663.952515 880.682495
L-GJJ-15 0.999999 105.695358 1790.829468 518.836243 2060.927490
L-GJJ-16 0.999999 1587.731323 53.278214 2096.609375 348.022522
L-GJJ-18 0.999985 128.840515 110.360825 592.592834 383.815125
L-GJJ-20 0.999922 1207.643799 1728.687134 1666.523438 2017.769409
L-GJJ-21 0.999951 1952.289062 1698.429565 2422.601074 2006.957397
L-GYC-07 0.999994 2091.873291 954.295715 2648.500244 1263.911133
L-GYC-08 0.999835 116.556671 67.954758 836.533081 485.317749
L-GYC-10 1.000000 1032.947266 53.528366 1731.734619 498.735474
L-GYC-11 1.000000 863.489014 1980.785034 1553.769287 2345.332520
L-GYC-12 0.999999 2549.989746 1972.613281 3094.238281 2332.016602
L-GYC-13 0.999998 2690.085938 608.187073 3228.402832 991.035828
L-GYC-14 0.999954 63.060608 784.456543 657.051697 1239.597290
L-GYC-15 0.999999 105.262970 2046.795654 645.789307 2408.377197
L-GYC-16 0.999997 1667.168823 101.672745 2378.222412 530.159729
L-GYC-18 0.999972 125.102020 86.565887 997.493408 635.314453
L-GYC-20 0.999991 1160.696289 2722.768555 1714.884766 3115.896973
L-GYC-21 0.999998 2057.927490 1955.784424 2668.352295 2332.710693
L-GZZ-06 0.999998 902.628357 1164.630005 1320.736816 1423.499634
L-GZZ-07 0.999996 29.948288 655.833130 411.791077 915.345215
L-GZZ-08 0.999994 55.113235 270.491699 490.797546 495.143982
L-GZZ-09 1.000000 1341.989014 1099.838867 1686.761230 1343.566650
L-GZZ-10 0.999999 640.674744 46.122383 1045.801758 281.965668
L-GZZ-11 0.999989 1384.677979 883.233337 1831.532227 1188.468140
L-GZZ-12 0.999999 1870.894775 1154.222778 2230.355713 1352.844604
L-GZZ-13 0.999999 1795.880737 507.820190 2190.122559 791.737183
L-GZZ-14 1.000000 1559.817505 482.789795 2017.069702 754.119141
L-GZZ-15 0.999918 117.186584 1507.832764 553.515930 1798.208496
L-GZZ-16 0.006834 735.375488 829.220398 1245.068726 1112.056885
L-GZZ-16 1.000000 1295.754272 48.486862 1780.620972 324.279114
L-GZZ-18 0.999995 47.626541 37.007309 378.556152 251.430374
L-GZZ-20 1.000000 1002.056946 1599.374146 1397.703247 1857.626099
L-GZZ-21 0.999998 1736.573853 1408.752930 2150.883057 1697.752930
L-HPY-07 0.999996 2035.504883 842.922607 2553.085449 1187.065430
L-HPY-08 0.999994 83.266968 576.242188 615.538269 938.130371
L-HPY-09 0.999988 1510.335327 1743.909424 2105.415527 2142.540283
L-HPY-10 0.999998 916.679504 80.621338 1624.489258 509.680786
L-HPY-11 0.999986 1179.082153 1792.505981 1945.157593 2238.322510
L-HPY-12 0.024475 267.888916 750.526123 805.640991 1436.866699
L-HPY-12 0.999982 2237.561035 1523.223633 2906.934570 1921.204590
L-HPY-13 0.999992 2218.635010 618.803101 2844.185791 977.011597
L-HPY-14 0.999999 101.470123 579.746033 630.871582 928.716736
L-HPY-15 0.999999 103.100800 2242.792480 679.579712 2592.562988
L-HPY-16 0.005142 1199.843506 928.424438 1844.166992 1365.293579
L-HPY-16 1.000000 1686.353882 101.774536 2283.427246 421.657227
L-HPY-18 1.000000 82.280746 94.398087 575.263611 382.176208
L-HPY-20 0.999999 1241.708252 2168.935059 1810.522217 2541.161621
L-HPY-21 0.999999 2059.428223 1707.709839 2608.877930 2068.777344
L-HX-07 0.999962 2414.604248 646.750488 2969.143799 956.038696
L-HX-08 0.999998 48.406464 358.837433 712.633789 725.193359
L-HX-09 0.999993 1342.891357 1435.779053 1959.124756 1805.740234
L-HX-10 0.999999 792.801514 69.030930 1359.377686 423.101685
L-HX-11 0.999994 917.259644 1237.086792 1545.142456 1569.716431
L-HX-12 1.000000 2101.626709 1321.430664 2774.293701 1671.394775
L-HX-13 0.999998 2182.562988 375.548279 2833.756348 778.460266
L-HX-14 0.999993 46.410767 439.658295 657.719788 818.832397
L-HX-15 0.999999 70.015259 1587.625244 677.342346 1951.798828
L-HX-16 1.000000 1586.019287 67.857285 2149.927979 386.832520
L-HX-18 1.000000 68.780792 82.433197 607.496094 409.957825
L-HX-20 1.000000 1012.206177 1836.699341 1565.869507 2145.376465
L-HX-21 0.999999 2041.101318 1295.307617 2635.025635 1653.417480
L-LBS-06 0.999863 697.532043 1654.442017 1493.191162 1948.469360
L-LBS-07 0.999947 67.513031 717.234497 627.609009 986.802368
L-LBS-08 0.999977 93.566254 80.755447 639.324341 426.595154
L-LBS-09 0.999932 1211.399414 1531.629883 1786.453369 1878.094482
L-LBS-10 0.999906 702.347351 35.769150 1279.253662 370.725281
L-LBS-11 0.999573 1529.638672 792.771606 2053.574707 1056.053467
L-LBS-12 0.999980 1651.436646 1639.351440 2201.805420 2006.021362
L-LBS-13 1.000000 1799.044189 449.362854 2299.395264 760.770569
L-LBS-14 0.999929 1514.311890 432.749207 2055.351074 746.353943
L-LBS-15 0.999991 77.615936 1630.206909 600.805664 1949.004517
L-LBS-16 0.999702 1264.403076 124.156342 1856.393799 473.324432
L-LBS-18 0.999967 73.056000 188.243759 625.997925 514.605652
L-LBS-20 0.999771 917.171753 1786.031006 1449.368530 2126.386719
L-LBS-21 0.999974 1466.313477 1551.194946 2051.514893 1924.278687
L-LOW-07 0.999421 2005.838623 886.504089 2447.146729 1127.474976
L-LOW-08 0.999998 304.679260 247.557281 751.275330 530.965820
L-LOW-09 0.999933 1700.550415 1797.832764 2107.101807 2085.327148
L-LOW-10 1.000000 847.857727 96.954544 1390.359375 430.449951
L-LOW-11 0.999999 1006.459595 1687.980713 1594.648560 2028.027100
L-LOW-12 0.999247 2424.730957 1464.401245 2853.113281 1780.905396
L-LOW-13 0.999979 2370.165039 578.207642 2850.431641 904.428345
L-LOW-14 0.999992 206.085709 650.013733 685.421326 973.024719
L-LOW-15 0.999997 126.333481 1990.158203 609.812988 2324.333496
L-LOW-16 1.000000 1488.276855 109.390793 2072.858398 469.605896
L-LOW-18 0.999865 197.084854 105.822144 658.551025 437.496155
L-LOW-20 0.999997 1306.696655 2046.326904 1772.659546 2340.940186
L-LOW-21 1.000000 2219.786377 1582.660767 2643.217041 1906.189575
L-LYC-07 0.999895 2062.131348 955.634766 2743.738770 1343.106689
L-LYC-08 0.999999 74.029572 313.615906 653.797974 629.644043
L-LYC-09 0.999999 1352.429199 1167.951172 1796.881104 1433.524658
L-LYC-10 0.999997 1017.341553 67.352402 1702.411865 441.113037
L-LYC-11 1.000000 997.306763 1493.221924 1693.126831 1832.787354
L-LYC-12 1.000000 2236.870605 1478.767578 2861.667480 1799.847168
L-LYC-13 1.000000 2235.546387 723.412170 2886.131348 1041.605225
L-LYC-14 0.999999 123.825714 524.032959 718.344604 838.604492
L-LYC-15 0.999982 114.176666 2111.340088 729.273682 2465.504639
L-LYC-16 1.000000 1991.869751 77.548996 2724.116699 423.628601
L-LYC-18 1.000000 137.806519 186.372269 780.057434 496.290161
L-LYC-20 1.000000 1184.442017 1779.541748 1796.027710 2111.164062
L-LYC-21 0.999993 2019.113525 1438.539062 2696.122803 1813.306152
L-LYL-07 1.000000 1976.563599 880.188782 2575.192383 1212.942139
L-LYL-08 0.999999 84.802002 100.910278 624.441711 422.940918
L-LYL-09 0.999996 1522.294312 1471.379639 2147.663574 1752.199463
L-LYL-10 0.999990 864.610229 41.000992 1439.128052 358.219604
L-LYL-11 0.999999 1204.643188 1954.556763 1938.200317 2335.542969
L-LYL-12 0.999999 2291.106934 1522.369141 2934.941406 1940.100342
L-LYL-13 0.999999 2382.749512 914.667236 3013.483398 1294.047119
L-LYL-14 1.000000 108.337433 752.379517 706.405396 1131.789551
L-LYL-15 1.000000 99.080933 2184.982910 677.912598 2551.966309
L-LYL-16 0.998488 1608.069214 80.986847 2247.391602 409.734344
L-LYL-18 0.999998 40.374115 114.106613 585.283081 420.028748
L-LYL-20 1.000000 1544.394287 2168.931396 2114.544678 2520.111572
L-LYL-21 0.999950 2237.499512 2074.985596 2949.762695 2415.796631
L-MJN-07 0.999720 1917.817871 1026.782715 2764.414551 1543.219727
L-MJN-08 1.000000 108.899323 475.327759 764.559814 773.298340
L-MJN-09 0.999955 1502.538940 1832.327881 2196.398438 2221.031250
L-MJN-10 0.999905 576.402344 60.906235 1265.492065 443.747620
L-MJN-11 0.999905 989.357056 1641.860840 1911.687866 2068.116943
L-MJN-12 0.999669 2015.902710 1758.478271 2783.596924 2165.654053
L-MJN-13 0.999865 2167.198242 188.440094 2930.575684 613.572266
L-MJN-14 0.999918 97.151001 639.084900 811.133728 1084.968872
L-MJN-15 0.999983 33.232300 2182.727051 815.542603 2682.592773
L-MJN-16 0.999991 1529.154419 45.519577 2178.476562 458.147339
L-MJN-18 0.010165 58.257111 71.956085 750.752319 455.775970
L-MJN-20 0.999921 1244.868774 2142.751221 2017.161255 2578.052979
L-MJN-21 1.000000 2158.737793 1562.512451 2877.757812 1978.442139
L-MXR-07 0.999977 1707.728149 906.461487 2263.502441 1283.641113
L-MXR-08 0.999796 46.166382 306.367157 834.841980 764.418457
L-MXR-09 0.999998 1532.358398 1501.143066 2095.965576 1889.187500
L-MXR-10 0.999995 718.478638 80.628510 1293.243530 595.057129
L-MXR-11 0.999971 908.574341 1621.870850 1722.944946 2122.074951
L-MXR-12 0.999999 2574.784668 1500.695312 3193.294434 2004.066650
L-MXR-13 0.999989 2132.160156 478.434021 2854.198242 981.045715
L-MXR-14 0.999990 68.460175 602.958496 817.335083 1208.694824
L-MXR-15 0.999988 86.922791 1828.309814 779.705261 2259.445312
L-MXR-16 0.999970 1365.437134 78.746002 1995.991089 512.986206
L-MXR-18 0.999974 45.075073 49.953522 709.338074 502.023407
L-MXR-20 1.000000 1304.910645 2295.136719 1900.389404 2727.704102
L-MXR-21 0.999982 2141.440186 1856.425415 2761.392822 2255.358643
L-MYC-07 1.000000 1996.926514 1007.461731 2566.559326 1305.616821
L-MYC-08 0.999989 89.071365 422.783356 563.367798 724.941162
L-MYC-09 0.999995 1490.001587 1694.860352 2156.910156 2117.018799
L-MYC-10 0.999806 562.760254 77.824692 1147.024536 393.919556
L-MYC-11 0.999998 813.724426 1543.325562 1549.171387 1889.469849
L-MYC-12 1.000000 1919.006958 1737.107056 2424.511230 2081.258545
L-MYC-13 1.000000 2227.699951 727.932495 2773.417236 1044.686646
L-MYC-14 1.000000 138.162491 445.415344 626.415771 780.273743
L-MYC-15 1.000000 146.646729 1613.010254 680.876831 1935.692627
L-MYC-16 0.999994 1531.171875 78.344940 2132.692383 407.209686
L-MYC-18 0.998348 69.225830 106.264801 613.357056 426.203033
L-MYC-20 0.999823 1103.984131 2236.674805 1689.160400 2560.738281
L-MYC-21 0.999999 2075.866211 2229.502686 2640.291504 2567.997803
L-RYP-07 0.999993 2169.887695 1425.362183 3133.866211 2177.516113
L-RYP-08 0.999998 64.474243 724.762451 820.379395 1231.943237
L-RYP-09 0.999765 1750.465942 2572.687500 2620.592041 3171.194336
L-RYP-10 0.999963 953.945679 42.043152 1664.401489 614.504272
L-RYP-11 0.999994 1049.953613 2738.167725 2300.954590 3480.314209
L-RYP-12 1.000000 2144.697510 2712.948242 2901.412354 3302.115723
L-RYP-13 0.999999 2545.059082 713.694946 3231.975586 1264.939209
L-RYP-14 1.000000 57.889282 895.315552 777.848328 1520.330444
L-RYP-15 0.999956 107.723480 2503.552979 864.855591 3086.662354
L-RYP-16 0.999999 1683.184448 105.938965 2509.300781 692.768860
L-RYP-18 0.999991 66.566864 214.015686 728.055664 690.330078
L-RYP-20 0.999977 1359.256592 2610.621338 2429.423340 3313.737549
L-RYP-21 0.999985 2100.721191 2366.186768 3142.772461 3123.257568
L-WJY-07 0.999997 2911.965820 1175.028198 3726.399902 1675.358276
L-WJY-08 1.000000 148.272278 1067.899170 1101.587402 1708.946533
L-WJY-09 0.999998 2507.580811 2519.383301 3664.726318 3088.089844
L-WJY-10 0.999780 1440.961060 110.951233 2413.132324 703.761597
L-WJY-11 0.999991 1683.605957 2133.180664 2839.393066 2730.531738
L-WJY-12 1.000000 3421.287842 2094.768555 4364.623535 2705.032715
L-WJY-13 0.999946 3738.876465 904.139282 4494.671387 1418.045776
L-WJY-14 0.999988 218.939087 862.699707 1198.569336 1484.400635
L-WJY-15 0.999943 84.220673 2547.084229 861.609375 3109.599854
L-WJY-16 1.000000 2436.688477 127.488068 3294.951172 640.707031
L-WJY-18 0.999950 111.963257 200.878387 941.133667 703.154175
L-WJY-20 1.000000 1664.156738 2647.487305 2649.447754 3279.235352
L-WJY-21 0.999999 3422.783447 2803.785889 4302.975098 3379.822998
L-WXL-07 1.000000 1918.026855 886.684387 2439.629395 1203.514893
L-WXL-08 0.999999 146.918671 414.907318 679.345703 716.280029
L-WXL-09 1.000000 1539.554443 1659.046387 2120.967285 2089.906494
L-WXL-10 1.000000 854.163086 110.681259 1517.808105 497.706482
L-WXL-11 1.000000 1156.939453 1473.167114 1815.173096 1805.064331
L-WXL-12 0.999990 2663.805176 1695.371338 3143.613770 2036.123779
L-WXL-13 1.000000 2374.546143 728.622986 3061.386475 1125.193970
L-WXL-14 0.999973 141.698700 782.569336 816.932495 1222.778198
L-WXL-15 0.999999 175.009491 2387.700195 708.508667 2766.343262
L-WXL-16 0.999902 1536.135010 109.784927 2205.085449 540.344604
L-WXL-18 0.999999 99.984512 305.638672 586.085754 582.429993
L-WXL-20 0.999999 1437.597168 2394.827393 2119.615723 2796.584229
L-WXL-21 0.999999 2313.408447 1704.930664 2990.659912 2121.100342
L-WZ-07 1.000000 1718.339844 727.528076 2157.842041 1000.582886
L-WZ-08 1.000000 165.607819 435.013855 784.814819 820.901062
L-WZ-09 0.999999 2171.713867 2234.323975 2835.791992 2621.062744
L-WZ-10 1.000000 1186.234375 194.692780 1941.264893 670.246338
L-WZ-11 1.000000 1172.113770 1761.735474 1918.832275 2156.693359
L-WZ-12 1.000000 3152.541504 1608.337891 3856.241211 2012.364746
L-WZ-13 1.000000 3242.198975 590.857300 3901.802002 1014.117065
L-WZ-14 1.000000 214.874512 819.811523 828.857788 1197.759888
L-WZ-15 0.999998 111.750916 1947.045532 835.511292 2419.211426
L-WZ-16 0.999999 2228.896973 130.877777 2921.585449 583.019287
L-WZ-18 1.000000 116.205292 92.026031 558.469971 389.943878
L-WZ-20 1.000000 1539.446777 2327.318604 2290.500977 2805.495850
L-WZ-21 0.999997 3230.962646 1814.105713 3954.781006 2253.946289
L-WZ1-07 0.999983 1579.870483 1016.165405 2078.147949 1353.963013
L-WZ1-08 1.000000 115.004791 114.458191 726.188232 404.008423
L-WZ1-09 0.999974 1260.177490 1394.156982 1802.806641 1732.254639
L-WZ1-10 0.999997 861.436279 80.171890 1400.434814 409.539612
L-WZ1-11 0.999995 616.863098 1513.227417 1265.002197 1841.420776
L-WZ1-12 0.999962 1979.265015 1394.365479 2421.315918 1710.877686
L-WZ1-13 0.999987 2126.310303 563.671387 2593.568115 912.005371
L-WZ1-14 0.999963 64.865662 161.436432 608.252808 518.399902
L-WZ1-15 0.999952 75.127441 1463.399170 600.794312 1826.422852
L-WZ1-16 0.999990 1464.908447 58.490219 2041.425537 339.086975
L-WZ1-18 1.000000 103.770782 70.225723 595.946411 376.078369
L-WZ1-20 0.999998 1316.029907 1815.177734 1874.274780 2113.144287
L-WZ1-21 0.999675 2153.070068 1138.350098 2693.340576 1431.299072
L-XTQ-07 0.999995 1987.037109 1041.275391 2664.645508 1378.741943
L-XTQ-08 0.999999 107.643646 362.140076 826.206177 736.020691
L-XTQ-09 0.999989 1432.604858 1697.010620 2078.752930 2085.641602
L-XTQ-10 0.999998 827.179260 75.202789 1400.259766 378.033356
L-XTQ-11 1.000000 923.989563 1466.014526 1570.886963 1766.803101
L-XTQ-12 0.999999 2572.077637 1257.031860 3146.573730 1640.869751
L-XTQ-13 0.999935 2325.736572 665.345703 2881.970459 1056.419922
L-XTQ-14 0.999976 93.629974 456.101501 795.116455 881.282532
L-XTQ-15 0.999993 47.052002 1767.210693 560.427368 2081.071777
L-XTQ-16 1.000000 1490.769287 31.497589 2121.853760 362.375397
L-XTQ-18 0.997853 92.267395 124.541824 721.058350 505.792542
L-XTQ-20 1.000000 1111.297852 2156.687256 1719.981934 2473.294189
L-XTQ-21 0.999995 2112.767090 1704.296631 2832.138672 2072.853516
L-ZJY-07 0.999393 2182.659668 831.398315 2759.142578 1116.715942
L-ZJY-08 0.999976 104.428894 99.264496 831.922668 459.490265
L-ZJY-10 0.999984 836.533569 65.971100 1457.763062 390.969269
L-ZJY-11 0.999962 980.256836 1587.695190 1786.507324 1910.822388
L-ZJY-12 0.999999 2173.620117 1310.710083 2873.211914 1627.641235
L-ZJY-13 0.999986 2042.631836 461.840820 2650.131348 805.778442
L-ZJY-14 0.999967 39.828339 589.190857 773.967896 1012.713440
L-ZJY-15 0.999969 62.736359 1950.940063 766.944824 2353.600830
L-ZJY-16 0.999999 1825.165283 108.223907 2512.144775 494.917145
L-ZJY-18 0.999989 58.739655 75.117279 546.860107 325.660034
L-ZJY-20 1.000000 1325.902222 1881.379395 1976.322876 2220.826172
L-ZLS-06 0.999987 770.680054 1513.252563 1504.718872 1914.369507
L-ZLS-07 0.999745 20.199005 397.004517 635.292969 788.990967
L-ZLS-08 0.999584 144.078705 76.263855 536.650879 377.655609
L-ZLS-09 0.999999 1146.947754 1344.604980 1564.378662 1649.762695
L-ZLS-10 0.999997 548.695984 72.441055 1026.347168 372.843140
L-ZLS-11 0.999992 1544.899292 1121.177124 2055.104736 1411.514771
L-ZLS-12 1.000000 1773.849854 1153.593140 2250.156250 1470.745483
L-ZLS-13 1.000000 1789.070312 595.372192 2273.473389 924.698853
L-ZLS-14 0.999712 1319.042969 422.946991 1784.180176 737.827881
L-ZLS-15 0.999973 40.383408 1686.272949 544.878174 2040.654053
L-ZLS-16 0.999985 1209.791016 54.225632 1745.716064 395.387634
L-ZLS-18 0.999464 82.064270 64.708252 625.901367 454.793945
L-ZLS-20 0.999912 847.564392 1757.000244 1317.527954 2060.257568
L-ZLS-21 0.999728 3068.725586 2760.311035 4069.819336 3446.356445
L-ZRY-07 0.999926 1416.880615 842.562195 2058.548096 1203.248535
L-ZRY-08 1.000000 117.244934 365.027802 779.475647 733.223022
L-ZRY-09 0.999912 1459.562012 1706.184082 2189.150146 2190.694336
L-ZRY-10 0.999999 1058.193604 83.902664 1771.028809 526.233765
L-ZRY-11 0.999990 1030.897339 1598.903442 1658.689087 2033.544800
L-ZRY-12 0.999798 2209.037842 1425.509766 2879.430420 1816.069824
L-ZRY-13 1.000000 2388.873779 660.422546 3047.960693 1090.248413
L-ZRY-14 0.999996 147.794342 543.517090 817.088379 994.452515
L-ZRY-15 0.999959 76.078766 1784.973877 747.036255 2218.135986
L-ZRY-16 0.999999 1458.060181 58.689407 2218.971680 515.041077
L-ZRY-18 0.999999 37.172058 289.148499 759.123840 683.579468
L-ZRY-20 0.999999 1068.204834 1849.457642 1848.583496 2329.036865
L-ZRY-21 0.999797 1706.573975 1549.681152 2417.206299 2035.525391
L-ZTQ-07 0.024414 434.801117 1127.116699 1054.210571 1577.521240
L-ZTQ-07 0.999982 1882.833496 1262.317383 2539.215820 1738.451904
L-ZTQ-08 1.000000 96.309296 661.510315 662.578735 1039.530029
L-ZTQ-09 0.999998 1402.834106 1523.087280 2049.363281 1872.288696
L-ZTQ-10 0.999954 1076.223511 84.536514 1911.568726 553.720459
L-ZTQ-11 0.999998 958.105469 1815.373535 1782.392090 2230.032715
L-ZTQ-12 0.999999 2244.018066 1625.926392 2848.356934 2004.471558
L-ZTQ-13 0.999999 2596.706787 494.327393 3177.798584 984.536987
L-ZTQ-14 0.999994 90.880463 648.101257 687.800903 1097.201538
L-ZTQ-15 0.999998 65.294128 1817.643311 790.316711 2166.902344
L-ZTQ-16 0.999997 1607.351318 65.559952 2415.147217 513.874390
L-ZTQ-18 0.999999 109.871735 372.429413 671.772461 732.523193
L-ZTQ-20 0.999435 1274.439697 2192.541748 2000.139648 2718.185303
L-ZTQ-21 0.999999 2014.776245 1617.982788 2658.192383 1994.281616
L-ZYL-07 0.999997 1620.720703 663.040649 2316.285889 985.531006
L-ZYL-08 1.000000 60.291107 195.996567 722.396118 643.523987
L-ZYL-09 0.999820 2200.145508 1847.999023 2933.074707 2357.081055
L-ZYL-10 1.000000 1379.000732 54.327026 2233.394043 584.915771
L-ZYL-11 0.999819 1253.579102 1850.214844 2170.281494 2395.041992
L-ZYL-12 0.999998 2810.260742 1932.891602 3616.419434 2404.749023
L-ZYL-13 0.999844 3134.329102 487.018585 3880.892578 1032.927979
L-ZYL-14 0.999995 321.852417 593.627136 1024.393555 1022.292053
L-ZYL-15 0.999997 44.387451 1627.434448 599.914734 2014.116089
L-ZYL-16 0.999992 2165.507812 74.233963 2907.457031 559.277649
L-ZYL-18 0.999996 157.671066 116.459229 634.369751 441.194702
L-ZYL-20 0.999999 1695.063354 2222.381592 2404.738037 2663.464600
L-ZYL-21 0.999159 2325.263184 1714.416504 3184.542969 2290.712646
L-ZYR-07 1.000000 1858.083252 691.018433 2411.638428 1019.675293
L-ZYR-08 1.000000 15.896332 370.110657 757.736328 845.910339
L-ZYR-09 0.999999 2455.755859 2079.965332 3217.001953 2608.151367
L-ZYR-10 1.000000 1313.026367 9.251846 2107.895508 492.102478
L-ZYR-11 1.000000 1338.725220 1817.564331 2088.881836 2283.157227
L-ZYR-12 0.999999 3060.322998 1439.515869 3822.088623 1935.470215
L-ZYR-13 1.000000 3262.947754 720.168945 3992.660645 1320.913452
L-ZYR-14 0.999996 233.895966 351.807556 1001.693848 837.968567
L-ZYR-15 0.999926 1.000000 2190.727783 777.091919 2759.197998
L-ZYR-16 0.999994 2301.955078 18.760803 2997.147949 398.983704
L-ZYR-16 0.999847 1356.267822 1294.971924 2272.372559 1810.440918
L-ZYR-18 0.999999 68.349976 99.072357 605.121399 402.392731
L-ZYR-20 1.000000 1626.100098 2198.294922 2506.469238 2737.000977
L-ZYR-21 1.000000 3017.068115 1859.670166 3840.860107 2360.399658
L-ZZY-06 0.999977 505.907440 1086.089966 1047.367676 1372.873169
L-ZZY-07 0.999948 102.985382 431.028992 590.749756 737.871399
L-ZZY-08 0.999993 80.830048 331.799927 426.666351 539.278809
L-ZZY-09 0.999999 1009.380859 834.136230 1363.928955 1052.657471
L-ZZY-10 1.000000 461.554626 58.349106 887.939636 285.880432
L-ZZY-11 0.999872 1023.819214 490.365631 1362.113892 695.699280
L-ZZY-12 1.000000 1640.905396 865.514893 2083.353516 1097.556885
L-ZZY-13 0.999999 1583.439331 321.867828 1939.397827 525.418457
L-ZZY-14 1.000000 1111.853394 257.762177 1474.247437 438.289642
L-ZZY-15 0.999996 61.191162 1161.075928 340.270660 1365.713379
L-ZZY-16 0.999975 931.155579 64.937927 1425.901855 341.336578
L-ZZY-18 1.000000 54.959763 212.748749 461.458740 447.456146
L-ZZY-20 0.999996 894.683289 1043.659302 1158.800903 1205.505737
L-ZZY-21 0.999985 1211.179932 886.965454 1545.418701 1085.912354
L-ZZY1-06 0.999999 758.440430 1321.047241 1260.143188 1594.805298
L-ZZY1-07 0.999986 157.581299 580.632812 581.127441 935.033813
L-ZZY1-08 0.999998 60.239090 95.058197 465.538940 401.193054
L-ZZY1-09 0.999821 1167.674194 1303.432617 1588.023560 1614.602783
L-ZZY1-10 0.999240 732.198181 26.092987 1326.483887 359.851135
L-ZZY1-11 0.999990 1363.442261 971.102478 1919.799683 1308.110962
L-ZZY1-12 0.999995 1781.611816 1480.505127 2264.641113 1787.558594
L-ZZY1-13 0.999996 2034.035767 839.909973 2417.832031 1163.726440
L-ZZY1-14 1.000000 1747.434326 453.173737 2213.666748 731.598755
L-ZZY1-15 0.999953 53.492783 1618.148926 486.077209 1963.699463
L-ZZY1-16 0.999855 1032.517944 69.023224 1530.057983 389.240204
L-ZZY1-18 0.999992 63.135727 116.022324 497.630493 374.505737
L-ZZY1-20 1.000000 812.208984 1701.480957 1218.247070 1970.127197
L-ZZY1-21 0.999998 1482.445068 1409.439697 1948.303711 1691.046631
