L-CJB-08 0.999993 1665.863770 2849.521484 2304.471924 3442.857422
L-CJB-09 0.999926 1351.474609 691.895996 1928.611816 1207.536011
L-CJB-12 0.999876 367.008728 906.149780 980.968323 1499.468384
L-CJB-13 0.999857 1751.124390 1079.289795 2309.186035 1619.826416
L-CJB-14 0.999821 1060.991699 1083.797974 1708.703369 1669.744751
L-CJB-15 0.999068 1199.739868 926.181152 1768.487915 1489.659668
L-CJB-16 0.999227 2394.508301 1530.654785 3008.758789 2079.259766
L-CJB-19 0.999964 953.546997 787.243652 1591.464722 1334.766357
L-CJB-20 0.999618 1484.060669 1322.365723 2133.254883 1857.972168
L-CJB-21 0.999996 274.650848 618.265442 805.011230 1193.433350
L-CXP-08 0.999999 1373.243164 2091.600586 1680.208984 2420.031250
L-CXP-09 0.999965 1317.052490 572.935425 1708.042236 949.722412
L-CXP-10 1.000000 77.140961 610.835632 495.542877 1001.726501
L-CXP-11 1.000000 97.454071 690.097839 497.299713 1100.860352
L-CXP-12 0.999999 611.402466 896.689270 1041.594238 1320.052368
L-CXP-13 1.000000 1593.961548 942.250977 2004.588257 1336.352783
L-CXP-14 1.000000 1274.316895 997.293701 1734.496826 1462.926025
L-CXP-15 0.999948 969.684692 866.332520 1430.118530 1303.653320
L-CXP-16 1.000000 2166.625244 727.883301 2612.747803 1210.451782
L-CXP-19 0.999999 1074.419556 816.044312 1586.798218 1347.112183
L-CXP-20 1.000000 1169.397217 1531.565918 1616.799072 1975.377686
L-CXP-21 1.000000 356.132324 839.005249 769.169556 1249.704712
L-CYQ-08 1.000000 1713.394775 2820.244141 2268.068848 3397.367188
L-CYQ-09 0.999974 1255.952393 669.132446 1821.398193 1229.468018
L-CYQ-10 0.999651 93.628632 612.207703 647.372681 1198.098877
L-CYQ-11 1.000000 60.919617 743.916809 625.506165 1281.054688
L-CYQ-12 0.999996 459.008728 900.853821 1059.624756 1453.050049
L-CYQ-13 0.999997 1798.792725 1192.862061 2334.646729 1726.167236
L-CYQ-14 0.999999 1220.673584 1437.465820 1852.103027 2021.337158
L-CYQ-15 0.999957 1270.747070 1150.805542 1911.754395 1734.040649
L-CYQ-16 0.999996 2452.473633 1401.636719 3067.254395 1946.077637
L-CYQ-19 0.999885 1200.162354 976.741699 1719.558594 1499.334961
L-CYQ-20 0.999967 1330.678589 1088.813354 1820.081421 1561.565063
L-CYQ-21 0.999980 469.328430 622.860413 940.460022 1100.256592
L-FMZ-06 0.999997 56.570465 724.193176 413.446167 1075.043457
L-FMZ-07 0.999994 923.382996 944.272217 1346.449951 1343.518555
L-FMZ-08 0.999996 1220.692017 2212.419189 1567.848267 2576.273682
L-FMZ-09 0.999997 987.695129 534.987244 1338.582764 866.858459
L-FMZ-10 1.000000 65.817551 624.917908 461.716003 987.907288
L-FMZ-11 0.999999 71.992386 515.035095 355.841492 808.026794
L-FMZ-12 0.999995 381.696777 687.287231 714.939087 957.112427
L-FMZ-13 1.000000 1214.624634 778.122437 1473.684937 1075.211914
L-FMZ-14 0.999806 492.757385 33.155319 936.529724 472.567810
L-FMZ-15 0.999968 847.597656 627.382019 1186.752930 944.527039
L-FMZ-16 0.999999 1672.033691 811.468689 1968.296631 1114.988281
L-FMZ-19 0.999999 922.723755 809.455200 1263.094116 1163.442383
L-FMZ-20 0.999989 1014.362183 858.616943 1280.911255 1157.423340
L-FMZ-21 1.000000 361.039124 683.078308 697.865906 1073.256348
L-GJJ-01 0.005472 1739.157227 390.402374 1860.890625 466.050140
L-GJJ-08 0.999992 1497.449219 2127.380127 1865.668701 2472.111572
L-GJJ-09 0.999998 1169.352661 601.860291 1508.274780 918.479675
L-GJJ-10 0.999998 89.175217 385.251617 414.239929 691.928101
L-GJJ-11 0.999999 68.864853 747.517151 410.399963 1073.230713
L-GJJ-12 0.999999 380.826813 740.533875 720.079956 1054.857910
L-GJJ-13 0.999999 1676.390381 1014.995300 2026.189941 1357.176758
L-GJJ-14 1.000000 1130.878418 1007.749451 1524.682861 1397.841919
L-GJJ-15 0.999945 1009.957886 853.339966 1325.891235 1155.077515
L-GJJ-16 0.999996 2340.497803 981.158508 2741.028564 1342.424316
L-GJJ-19 1.000000 1015.649658 586.270935 1370.196533 957.829041
L-GJJ-20 0.999828 1333.031494 929.299194 1708.565918 1244.468140
L-GJJ-21 0.999996 523.043579 499.973816 863.615356 893.493469
L-GYC-08 0.999997 2050.151123 2440.225586 2571.381592 2928.668945
L-GYC-09 0.999983 1301.441406 712.459229 1740.586914 1172.131714
L-GYC-10 0.999406 135.781158 385.919250 712.643311 940.913635
L-GYC-11 0.999997 114.561920 789.609009 618.745850 1330.623901
L-GYC-12 0.999755 720.080444 936.796997 1240.470093 1553.119019
L-GYC-13 0.999997 1932.769775 819.486694 2493.233643 1262.409790
L-GYC-14 0.999999 1130.462524 1133.097778 1623.422729 1622.136353
L-GYC-15 0.999902 1018.137085 1439.500610 1678.881958 2025.290405
L-GYC-16 0.999995 2611.836182 1159.236694 3182.642822 1729.293579
L-GYC-19 1.000000 1091.929810 993.978882 1627.536255 1511.675659
L-GYC-20 0.999505 1254.389771 1675.534180 1908.764038 2285.488770
L-GZZ-06 1.000000 64.283752 663.173218 358.800995 974.221558
L-GZZ-07 0.999986 744.891602 904.351990 1088.257935 1241.927734
L-GZZ-08 1.000000 1311.942383 1827.380981 1623.809326 2120.028320
L-GZZ-09 1.000000 900.303467 438.278168 1207.813721 766.980103
L-GZZ-10 1.000000 56.764832 471.422455 396.401337 793.337769
L-GZZ-11 1.000000 57.975723 483.163177 435.072327 856.620239
L-GZZ-12 1.000000 333.907196 614.230347 657.717041 902.949463
L-GZZ-13 1.000000 1226.507202 923.084412 1562.363159 1244.838623
L-GZZ-14 0.999999 623.440552 45.900726 953.599609 346.363037
L-GZZ-15 0.999942 725.299316 748.632202 1135.381714 1127.921631
L-GZZ-16 0.999998 1734.428589 650.560120 2078.610596 974.457458
L-GZZ-19 0.999998 629.375122 724.118591 960.369751 1042.771362
L-GZZ-20 0.999997 957.628601 870.227173 1280.431152 1216.126099
L-GZZ-21 1.000000 265.701904 512.179443 619.842712 818.761841
L-HPY-08 0.999999 1617.227783 2593.086182 2153.388672 3118.924561
L-HPY-09 0.999868 1134.960449 542.029053 1630.497803 1051.215820
L-HPY-10 1.000000 102.688446 547.285706 605.054932 1047.746094
L-HPY-11 0.999313 48.647827 830.327332 673.580078 1404.240479
L-HPY-12 0.999928 287.157013 820.866028 810.145874 1337.007812
L-HPY-13 1.000000 1525.329468 1037.670410 2016.984253 1517.820801
L-HPY-14 0.999938 1039.150146 920.594971 1557.879395 1370.147949
L-HPY-15 0.999916 1055.383179 986.449951 1631.992554 1541.672852
L-HPY-16 0.999997 2322.955811 987.354858 2803.691162 1471.896118
L-HPY-19 0.999978 1036.364136 492.072693 1463.582153 988.622864
L-HPY-20 0.999992 1461.395508 1289.437744 1960.786621 1762.358887
L-HPY-21 0.999994 383.612030 764.795166 903.089478 1305.455322
L-HX-08 0.999997 1695.109741 2206.663574 2141.859131 2616.655762
L-HX-09 1.000000 1054.717407 583.097534 1488.050171 1019.320557
L-HX-10 1.000000 74.106949 165.140259 449.780396 527.457520
L-HX-11 0.999999 41.890625 506.969727 469.673248 916.983643
L-HX-12 0.999982 538.406128 710.521057 915.557373 1040.942261
L-HX-13 1.000000 1603.141968 797.165955 2014.843384 1187.764648
L-HX-14 0.999999 1178.874023 750.894897 1583.539062 1139.942871
L-HX-15 1.000000 1078.191406 809.687073 1479.288086 1201.181152
L-HX-16 1.000000 2399.220215 916.379639 2824.066406 1313.724609
L-HX-19 0.999996 883.787598 749.651489 1278.504883 1111.701782
L-HX-20 1.000000 1278.974365 1063.471191 1646.538818 1383.712891
L-HX-21 1.000000 273.507263 358.291504 656.000916 737.067383
L-LBS-06 0.999992 83.283951 755.608948 521.547485 1136.421387
L-LBS-07 0.999751 811.483521 1009.001831 1348.840210 1527.987671
L-LBS-08 0.999999 1006.492798 2023.998169 1372.064087 2459.832764
L-LBS-09 1.000000 1002.313599 694.909180 1360.886353 1029.980591
L-LBS-10 0.999968 59.975281 381.109009 478.734985 790.874512
L-LBS-11 1.000000 159.919556 495.169037 536.122620 867.544678
L-LBS-12 0.999995 358.709595 776.472900 750.496216 1159.893066
L-LBS-13 0.999996 1326.514160 800.422485 1670.853760 1172.977783
L-LBS-14 0.999984 663.950439 94.636124 1120.873169 531.327698
L-LBS-15 0.999998 828.565552 786.791626 1253.465210 1180.675415
L-LBS-16 0.999997 1703.257080 938.838989 2096.482422 1374.269409
L-LBS-19 1.000000 808.145386 619.825867 1208.756348 983.539856
L-LBS-20 1.000000 1068.602783 1085.687012 1420.976074 1472.718750
L-LBS-21 0.999924 163.931580 417.241760 549.185364 805.944153
L-LOW-08 0.999987 1664.049805 2273.779297 2177.794678 2828.003418
L-LOW-09 0.999983 1243.367676 513.987305 1865.193848 1127.033936
L-LOW-10 0.999997 117.084259 599.778320 591.730225 1056.022583
L-LOW-11 0.999900 43.669342 712.836060 617.915649 1224.964233
L-LOW-12 0.999998 573.951660 864.834045 1083.497559 1364.553711
L-LOW-13 0.999946 1681.592529 962.311646 2239.566895 1523.342896
L-LOW-14 0.999974 929.114441 968.778259 1501.181885 1510.281250
L-LOW-15 0.999726 1006.537537 882.512451 1470.585815 1374.292236
L-LOW-16 1.000000 2416.589355 916.557068 2918.378906 1416.980225
L-LOW-19 1.000000 1083.404053 817.232422 1630.787842 1393.822754
L-LOW-20 1.000000 1484.356445 1218.778931 1921.974609 1648.291870
L-LOW-21 1.000000 396.257080 579.297302 820.720337 993.208191
L-LYC-08 1.000000 1396.902710 2036.287842 1867.842407 2533.816162
L-LYC-09 0.999996 1111.154175 516.955566 1485.433716 843.906494
L-LYC-10 1.000000 106.575806 449.223877 528.855408 875.378174
L-LYC-11 1.000000 109.675354 841.015320 493.652893 1226.400757
L-LYC-12 0.999995 541.797058 753.510986 968.064636 1230.669067
L-LYC-13 0.999992 1648.464111 1091.389893 2045.419189 1506.904541
L-LYC-14 1.000000 1269.042725 938.486389 1697.093994 1367.733887
L-LYC-15 0.999416 1119.308594 1080.986328 1657.913330 1580.817871
L-LYC-16 0.999998 2593.980469 1192.819458 3039.434082 1640.797485
L-LYC-19 0.999992 1328.684326 608.294800 1810.956055 1093.501099
L-LYC-20 0.999979 1389.366089 1093.503174 1787.239624 1513.958740
L-LYC-21 0.999660 559.159607 676.750610 1024.437378 1238.802734
L-LYL-08 0.999987 1718.419312 2618.698975 2310.457520 3177.918701
L-LYL-09 0.999999 1126.306152 473.655579 1643.639160 956.970276
L-LYL-10 1.000000 72.554932 411.622589 611.130127 905.667480
L-LYL-11 0.999941 54.685867 1000.650024 507.015442 1431.708862
L-LYL-12 0.999995 360.011292 844.368652 919.721252 1364.069824
L-LYL-13 0.999999 1792.377808 1270.752686 2218.388184 1686.944336
L-LYL-14 0.999999 1272.672607 1337.593018 1822.104736 1846.564941
L-LYL-15 0.999955 1126.557373 854.039124 1606.217773 1360.076904
L-LYL-16 0.999427 2516.281494 1550.377930 3069.048584 2087.223633
L-LYL-19 0.999959 1165.342529 856.197998 1823.880859 1414.274658
L-LYL-20 0.999989 1502.502930 1139.453247 1993.401611 1579.927124
L-LYL-21 0.999978 267.993713 661.772949 723.479065 1128.193726
L-MJN-08 1.000000 1742.571045 3099.519775 2326.320312 3655.084229
L-MJN-09 0.999922 1082.316406 651.241211 1627.857178 1119.052612
L-MJN-10 0.999997 70.227814 843.648254 613.444214 1290.286987
L-MJN-11 0.999998 48.772583 657.862061 570.054199 1149.071655
L-MJN-12 0.999943 287.020782 1064.068604 896.273315 1595.787842
L-MJN-13 0.999995 1558.656982 682.987305 2125.352539 1131.508545
L-MJN-14 1.000000 1159.625244 1211.127686 1704.604004 1741.640381
L-MJN-15 0.999771 1248.171387 1062.963013 1863.597412 1566.884644
L-MJN-16 0.999992 2233.307861 1021.928955 2819.565674 1508.863525
L-MJN-19 0.999999 999.098022 903.528137 1635.053833 1455.336426
L-MJN-20 0.999992 1253.166870 1158.584717 1801.014282 1644.732178
L-MJN-21 0.999999 357.239380 715.653931 835.034058 1203.204224
L-MXR-08 0.999999 1538.915283 2132.939941 1972.750488 2569.789062
L-MXR-09 1.000000 1094.286621 614.794250 1456.897705 1057.319336
L-MXR-10 1.000000 105.698456 584.443909 526.267944 981.421570
L-MXR-11 1.000000 104.509521 765.199219 608.715576 1281.019531
L-MXR-12 1.000000 751.361267 852.976196 1209.656738 1298.922485
L-MXR-13 0.999998 1701.740356 968.388428 2162.748047 1486.192871
L-MXR-14 0.999996 1078.656372 1135.740601 1817.517456 1816.374878
L-MXR-15 0.999864 880.788330 1010.310059 1409.108887 1537.513916
L-MXR-16 0.999999 2021.568115 1033.853394 2474.068604 1460.612671
L-MXR-19 0.999970 966.857300 662.756409 1510.922485 1215.022217
L-MXR-20 1.000000 1425.123657 1363.727783 1922.461304 1855.770996
L-MXR-21 0.999972 256.653870 374.344513 743.725403 913.501709
L-MYC-08 0.999999 1135.908813 2287.418457 1565.071411 2728.467773
L-MYC-09 1.000000 1068.028931 528.018494 1476.837280 918.710754
L-MYC-10 0.999997 113.869766 698.278198 506.032837 1112.215698
L-MYC-11 1.000000 98.850494 658.609009 543.411377 1095.261963
L-MYC-12 0.999997 398.439728 810.935913 796.584839 1174.829712
L-MYC-13 1.000000 1510.122925 1139.371704 1910.936646 1536.604858
L-MYC-14 0.999891 914.119263 1084.738403 1366.575562 1547.593140
L-MYC-15 0.999482 911.514954 734.274109 1304.816895 1158.329590
L-MYC-16 0.999999 2133.175293 1325.102051 2551.462402 1733.433594
L-MYC-19 0.999999 861.659119 898.331421 1302.067749 1341.015015
L-MYC-20 0.999993 1249.435669 1352.501221 1616.315552 1753.192139
L-MYC-21 1.000000 394.557861 600.609131 783.670288 1006.722290
L-RYP-08 0.999966 1720.018799 3408.106445 2427.802002 4234.518555
L-RYP-09 0.999987 1357.660034 1002.925171 1911.553345 1664.597046
L-RYP-10 0.999992 108.042725 649.210205 722.135010 1266.329956
L-RYP-11 0.999998 104.858704 1231.747192 733.626709 1949.197632
L-RYP-12 0.999935 320.532166 1188.886719 1019.979065 1948.150146
L-RYP-13 0.999998 1833.590088 1528.979492 2436.776123 2187.144043
L-RYP-14 0.999318 1138.054688 1629.990356 1801.543457 2375.035156
L-RYP-15 0.999784 1343.354248 1159.960205 1913.403809 1739.512695
L-RYP-16 0.997967 2413.530273 1851.712280 3213.021484 2798.650146
L-RYP-19 0.997676 1328.445068 1283.830811 2118.054932 2038.732910
L-RYP-20 0.999994 1513.340576 1492.404175 2147.294434 2171.366211
L-RYP-21 0.999996 178.401825 803.997498 890.689575 1582.433105
L-WJY-08 0.999481 3007.382812 4546.272949 4084.794922 5555.320801
L-WJY-09 1.000000 1912.364136 973.005493 2740.359131 1682.891479
L-WJY-10 1.000000 107.986694 697.417358 918.459351 1497.837524
L-WJY-11 0.999999 176.693237 995.683044 971.390747 1714.628906
L-WJY-12 1.000000 514.886597 1168.740723 1153.994507 1778.454590
L-WJY-13 1.000000 2640.180176 1427.283447 3323.516602 2067.630371
L-WJY-14 0.999863 1630.270508 1605.753418 2485.345215 2413.334229
L-WJY-15 0.999999 1417.440796 1268.298218 2095.392090 1846.904419
L-WJY-16 0.999986 3443.316406 1368.052734 4158.444336 2017.321777
L-WJY-19 0.999968 1637.861084 1063.476685 2399.149414 1807.873901
L-WJY-20 1.000000 2010.303955 1463.859863 2678.862549 2092.009033
L-WJY-21 0.999958 395.658142 1051.592163 1274.917236 1832.637573
L-WXL-08 0.999998 1892.971680 2475.169434 2380.047852 2971.117676
L-WXL-09 0.999998 1173.622070 627.958984 1685.799316 1130.842896
L-WXL-10 0.999998 113.355743 594.433899 568.082764 1061.068359
L-WXL-11 0.999987 149.634415 679.309875 593.667969 1115.793701
L-WXL-12 0.993463 587.163574 1014.441162 1143.438599 1532.673828
L-WXL-13 0.999979 1638.382324 1180.179688 2056.105469 1540.324463
L-WXL-14 0.999999 1185.298584 1166.866211 1686.887695 1643.590332
L-WXL-15 0.999711 1119.121094 1094.137817 1652.792725 1594.067017
L-WXL-16 0.999950 2411.270508 1288.510010 2997.927734 1832.982666
L-WXL-19 0.999993 1058.953613 1262.298950 1647.173584 1784.926147
L-WXL-20 0.999999 1511.474854 1339.258789 2069.093262 1860.833740
L-WXL-21 1.000000 552.312073 846.916260 1062.418579 1303.137207
L-WZ-08 0.999999 2061.326904 2651.311279 2546.990479 3115.072998
L-WZ-09 1.000000 1575.789307 696.201599 2089.204834 1164.896240
L-WZ-10 1.000000 170.147827 787.045105 772.999756 1322.262451
L-WZ-11 1.000000 135.541626 810.528809 690.793518 1363.695801
L-WZ-12 1.000000 490.910675 933.001709 1063.441895 1451.738037
L-WZ-13 1.000000 2270.024902 1122.798218 2829.603027 1643.286499
L-WZ-14 0.999681 1104.551025 1491.249878 1730.525146 2074.305176
L-WZ-15 0.999999 1365.901978 915.094849 1972.132446 1529.515991
L-WZ-16 0.999999 3070.470215 1388.130859 3665.610840 1979.895996
L-WZ-19 0.999955 1306.246826 855.734741 1881.524170 1417.126587
L-WZ-20 0.999985 1649.314697 1280.273926 2374.873047 1931.726318
L-WZ-21 1.000000 654.781616 754.277466 1249.471436 1343.640991
L-WZ1-08 1.000000 1458.800537 2131.392822 1918.262695 2602.303467
L-WZ1-09 0.999998 898.650024 526.091431 1275.394409 903.343018
L-WZ1-10 0.999996 154.448486 318.427277 603.867249 774.010254
L-WZ1-11 0.999923 48.011841 743.357117 381.240723 1073.366577
L-WZ1-12 0.999968 376.958374 661.773865 821.437866 1102.268066
L-WZ1-13 0.999953 1389.454468 819.834351 1791.219849 1235.211792
L-WZ1-14 0.999988 976.335083 634.709229 1341.260376 1004.831543
L-WZ1-15 0.999999 897.009705 900.564331 1273.269897 1256.518188
L-WZ1-16 0.999961 1912.162354 1201.260010 2372.675537 1615.078369
L-WZ1-19 1.000000 779.466431 794.750916 1248.234741 1249.036377
L-WZ1-20 0.999998 1435.952881 1126.641479 1816.437500 1440.541138
L-WZ1-21 0.999910 376.987823 408.510742 882.827271 885.590210
L-XTQ-08 1.000000 1806.902344 2385.934570 2229.056396 2810.412109
L-XTQ-09 0.999972 1109.607422 697.555908 1552.121338 1172.094238
L-XTQ-10 1.000000 84.459869 564.934326 463.420868 972.817383
L-XTQ-11 1.000000 83.979980 639.905640 551.658691 1099.211060
L-XTQ-12 0.999999 438.955872 763.762207 913.099304 1266.587524
L-XTQ-13 0.999999 1390.738037 905.775513 1802.477051 1336.419312
L-XTQ-14 0.999992 1082.950195 996.661804 1522.271240 1469.857300
L-XTQ-15 1.000000 960.171997 1002.736206 1405.826050 1449.341919
L-XTQ-16 0.999979 2365.024658 989.495605 2897.463623 1551.503418
L-XTQ-19 0.999974 1025.433350 763.475342 1595.281738 1319.251709
L-XTQ-20 0.999999 1268.212280 1166.835938 1695.238159 1680.832031
L-XTQ-21 0.999994 270.058716 586.793701 776.562500 1105.501709
L-ZJY-08 0.999861 1685.713013 2335.094238 2270.313477 2944.200195
L-ZJY-09 0.999993 1312.404175 809.799072 1872.299194 1389.946533
L-ZJY-10 1.000000 87.172943 518.928223 515.027832 921.957520
L-ZJY-11 1.000000 66.281296 709.106995 434.304504 1062.732178
L-ZJY-12 1.000000 337.228516 788.839600 713.106201 1175.459473
L-ZJY-13 1.000000 1533.426514 915.779175 1964.723877 1375.160767
L-ZJY-14 0.999862 1207.541504 1192.973877 1770.968018 1755.896240
L-ZJY-15 0.999999 1178.665161 937.771179 1593.109497 1355.685425
L-ZJY-16 0.999995 2459.758301 1066.404541 2947.196777 1551.442627
L-ZJY-19 0.999969 1190.636597 730.974487 1622.968140 1200.510376
L-ZJY-20 1.000000 1469.433228 1063.018066 1877.616577 1511.393555
L-ZJY-21 1.000000 373.426086 648.330811 803.093567 1134.999634
L-ZLS-06 0.999996 87.180893 683.927063 515.278198 1139.836182
L-ZLS-07 0.999733 877.405212 1008.270630 1332.199707 1478.754517
L-ZLS-08 1.000000 1104.310059 1680.097656 1472.160889 2087.866455
L-ZLS-09 1.000000 818.468933 588.297852 1166.145508 944.492310
L-ZLS-10 1.000000 92.666031 576.960083 410.488831 921.110229
L-ZLS-11 0.999999 369.565765 601.900146 774.013916 996.021729
L-ZLS-12 1.000000 315.625916 714.667236 699.598450 1096.006104
L-ZLS-13 1.000000 1287.802368 848.061829 1625.929321 1210.887573
L-ZLS-14 0.009864 232.706451 1318.429565 703.351807 1627.672241
L-ZLS-14 0.999645 427.684937 43.236923 744.470459 407.587219
L-ZLS-15 0.999972 797.379700 894.150269 1129.411987 1237.163208
L-ZLS-16 1.000000 1806.918213 1061.739868 2162.295654 1439.749390
L-ZLS-19 1.000000 894.490845 710.457764 1309.975708 1114.786499
L-ZLS-20 1.000000 1090.720093 1098.391113 1430.870239 1414.885010
L-ZLS-21 0.999998 678.401855 1011.610291 1419.054932 1794.480713
L-ZRY-08 0.999636 1500.897339 2228.437012 2135.899658 2795.257324
L-ZRY-09 0.999998 1213.918213 623.882446 1706.824219 1160.568359
L-ZRY-10 1.000000 103.893616 232.999115 654.027039 793.223877
L-ZRY-11 1.000000 72.360367 736.984070 538.945801 1190.625244
L-ZRY-12 0.007694 871.018066 1525.406250 1352.337646 2071.567383
L-ZRY-12 0.999995 398.221375 732.040405 895.250793 1252.833374
L-ZRY-13 0.999992 1851.842041 996.087097 2311.863037 1480.475586
L-ZRY-14 0.999966 1099.390991 1003.134338 1662.338013 1537.433838
L-ZRY-15 0.999789 885.605469 881.214783 1388.130371 1372.531006
L-ZRY-16 0.999764 2146.368652 1094.639893 2689.850098 1617.750244
L-ZRY-19 1.000000 1139.897583 987.454712 1591.086060 1462.162476
L-ZRY-20 0.999999 1314.816528 1093.196045 1735.728394 1532.663574
L-ZRY-21 0.999969 340.545013 823.515564 796.689209 1293.963257
L-ZTQ-08 0.999053 1684.621948 3094.645020 2334.294434 3753.208008
L-ZTQ-09 0.999993 1191.661499 641.622070 1577.274780 1041.505615
L-ZTQ-10 1.000000 117.845230 460.675446 618.745911 984.143555
L-ZTQ-11 0.007674 724.701599 815.805420 1258.967773 1375.639893
L-ZTQ-11 0.999994 40.631561 773.535889 593.779907 1365.024658
L-ZTQ-12 0.999983 383.267639 659.327637 904.110779 1178.803955
L-ZTQ-13 0.999991 1523.099731 1189.615723 1999.332397 1644.372070
L-ZTQ-14 0.999032 1072.133179 1095.625488 1639.567505 1681.550049
L-ZTQ-15 0.999970 1021.652832 912.239868 1509.870361 1387.737183
L-ZTQ-16 1.000000 2494.522217 1226.117310 2991.970947 1712.380493
L-ZTQ-19 0.999998 1050.390869 858.606934 1507.412354 1312.242188
L-ZTQ-20 1.000000 1512.666992 1205.640137 2018.859131 1711.290283
L-ZTQ-21 1.000000 396.745453 567.012024 852.816162 1054.048828
L-ZYL-08 0.999994 2162.363281 2514.368896 2744.355469 3030.390869
L-ZYL-09 0.999992 1752.701050 887.829163 2320.139893 1359.239014
L-ZYL-10 1.000000 53.213165 628.903137 683.921997 1201.935547
L-ZYL-11 0.999998 49.449158 773.891357 627.047974 1339.197266
L-ZYL-12 1.000000 704.481445 848.529175 1242.730713 1339.943970
L-ZYL-13 1.000000 2247.086426 912.872559 2856.090332 1447.231201
L-ZYL-14 0.999991 1436.594238 1024.476929 2084.679932 1566.363403
L-ZYL-15 0.999982 1155.509277 874.940552 1657.859375 1340.337280
L-ZYL-16 0.999994 2792.509766 1392.326782 3339.764160 1891.133911
L-ZYL-19 0.999896 1130.616089 650.299744 1711.611938 1154.570312
L-ZYL-20 0.999977 1746.392700 1293.019287 2302.230469 1798.372803
L-ZYL-21 0.999999 155.567719 531.391602 668.135132 1039.418091
L-ZYR-08 0.999996 2463.143066 2797.593750 3200.150391 3369.002441
L-ZYR-09 1.000000 1721.050049 943.924377 2311.355957 1491.643311
L-ZYR-10 1.000000 1.000000 575.400513 591.016418 1177.197998
L-ZYR-11 0.999999 15.020386 718.767578 614.363586 1329.228271
L-ZYR-12 0.999994 392.381714 902.194580 1111.769653 1519.838135
L-ZYR-13 0.999997 2222.705322 1055.390869 2927.053955 1682.159424
L-ZYR-14 0.999943 1277.188110 1024.154297 1931.260864 1599.573730
L-ZYR-15 0.999996 1327.143799 1074.924805 1971.459229 1678.973145
L-ZYR-16 1.000000 3010.570312 859.841919 3614.910156 1489.065796
L-ZYR-19 0.999999 1314.217285 1147.926758 1954.809814 1785.664551
L-ZYR-20 0.999998 1690.214233 1070.869507 2292.873779 1625.978882
L-ZYR-21 1.000000 273.381134 824.428955 851.290894 1395.115479
L-ZZY-06 0.999991 45.566162 480.871216 372.264984 837.938965
L-ZZY-07 0.999940 782.727661 744.623596 1181.354004 1119.845581
L-ZZY-08 0.999996 999.973938 1324.900146 1297.969482 1575.650146
L-ZZY-09 0.999999 709.959717 379.248291 1018.551270 678.979858
L-ZZY-10 1.000000 40.385193 202.400116 297.183960 468.561310
L-ZZY-11 0.999997 89.885803 203.837296 363.709534 464.942810
L-ZZY-12 0.999999 331.754028 489.377441 640.243896 750.205200
L-ZZY-13 0.999999 1132.861084 460.264069 1362.390625 694.007751
L-ZZY-14 0.999999 359.714355 84.737846 640.136292 339.580750
L-ZZY-15 1.000000 710.989868 544.856323 977.276367 792.329590
L-ZZY-16 0.999960 1393.006836 644.702271 1648.625000 905.796021
L-ZZY-19 0.999999 563.935486 601.565857 882.720154 909.797913
L-ZZY-20 1.000000 953.508972 604.395691 1198.584473 850.660339
L-ZZY-21 0.999996 162.168686 360.618225 443.265137 630.264771
L-ZZY1-06 0.999999 54.032043 681.416260 342.063782 1030.283691
L-ZZY1-07 0.999972 872.232910 783.953247 1185.854736 1187.494141
L-ZZY1-08 0.999974 1217.168579 1834.967896 1587.442505 2220.271484
L-ZZY1-09 0.999871 863.148438 440.312256 1136.425415 753.602661
L-ZZY1-10 0.999998 52.399353 760.538574 449.203064 1150.924438
L-ZZY1-11 0.999944 300.277557 582.011169 690.763306 981.342102
L-ZZY1-12 0.998448 450.529419 764.807861 822.498535 1203.116821
L-ZZY1-13 0.999961 1370.512085 955.655151 1717.460327 1365.550415
L-ZZY1-14 0.999964 1031.402588 67.108734 1371.650635 428.396118
L-ZZY1-15 0.999936 746.920410 842.877991 1195.220581 1227.694336
L-ZZY1-16 0.999931 1610.959106 768.006714 1985.156128 1162.604492
L-ZZY1-19 0.999999 788.355652 707.267334 1085.456787 1003.483765
L-ZZY1-20 0.999999 1003.597961 1037.128296 1287.418091 1362.155884
L-ZZY1-21 0.999999 207.621155 468.444641 512.414917 775.585266
