L-CJB-01 0.999953 2572.604492 1675.506714 3149.328125 2145.776611
L-CJB-01 0.999920 808.606079 2310.784668 1537.203735 2801.793457
L-CJB-01 0.999859 1820.296265 2279.958252 2521.002441 2790.508057
L-CJB-01 0.999856 91.993378 1710.047852 773.645386 2191.122803
L-CJB-02 0.999998 1920.398193 812.974976 2530.725830 1258.012329
L-CJB-03 0.999999 503.096832 975.621094 1094.245605 1410.365967
L-CJB-03 0.999998 147.276703 1784.436157 731.641479 2231.551025
L-CJB-03 0.999989 1077.380127 65.446045 1881.943115 590.327087
L-CJB-03 0.023539 1559.594116 504.002441 1701.890503 682.081909
L-CJB-04 1.000000 1277.282959 984.620544 1838.741943 1385.878662
L-CJB-04 1.000000 90.176208 2020.525635 685.747742 2393.415283
L-CJB-04 0.999999 292.234680 989.239258 898.948059 1436.268311
L-CJB-05 0.999990 918.968140 35.277435 1690.524536 610.744629
L-CJB-05 0.999989 943.670044 1751.783813 1678.994263 2260.503662
L-CJB-05 0.999955 2017.192505 1087.986572 2673.591797 1499.893311
L-CJB-06 0.999996 73.162598 2455.943604 678.205811 2940.556885
L-CJB-06 0.999991 252.840240 1041.580200 980.836426 1507.031128
L-CJB-07 0.999998 1376.387207 72.070374 2099.635742 589.096313
L-CJB-08 0.999999 1810.351562 661.365906 2452.290039 1097.200684
L-CJB-09 0.999996 75.187225 914.719727 845.697632 1464.414062
L-CJB-10 0.999981 324.399506 2155.098877 1093.756958 2678.297119
L-CJB-11 0.999997 2397.334473 702.167847 3148.583984 1151.221924
L-CJB-12 0.999999 2108.332520 459.835571 2836.655273 961.461304
L-CJB-13 0.999993 146.280060 2179.412109 916.661255 2635.048828
L-CJB-14 0.999996 1996.467041 2006.367065 2694.008545 2515.624512
L-CJB-15 0.999987 2128.676758 1873.434937 2869.259766 2332.896484
L-CJB-16 1.000000 1080.717529 1710.868530 1824.541504 2106.085449
L-CJB-17 0.999999 28.471008 2063.423096 589.611572 2490.132568
L-CJB-17 0.999999 800.578125 1988.971069 1425.250000 2384.207031
L-CJB-17 0.999967 976.497498 105.616547 1720.729980 571.082153
L-CJB-18 0.999999 2234.536865 1014.834106 2879.706299 1412.927368
L-CJB-18 0.999998 1717.433594 2123.268311 2339.162354 2569.521729
L-CJB-18 0.999907 1153.827271 83.068085 1861.169312 556.815918
L-CJB-19 0.999995 84.072815 1653.923218 904.377747 2163.028809
L-CJB-20 0.999999 1960.209473 587.833191 2695.105957 993.545227
L-CJB-21 0.999952 2024.288208 781.723206 2802.108398 1226.886230
L-CXP-01 1.000000 589.309326 1864.955322 1252.853271 2209.165283
L-CXP-01 1.000000 1371.893433 1884.578735 1992.207397 2235.464111
L-CXP-01 0.999998 101.733948 1483.945068 729.511230 1798.921387
L-CXP-01 0.999996 2363.656250 1509.930664 2971.239258 1843.337646
L-CXP-02 0.999958 1753.967163 893.025085 2457.193359 1301.619873
L-CXP-03 1.000000 589.401917 961.260498 1222.890869 1339.590820
L-CXP-03 0.999999 214.848724 1705.474609 773.785767 2072.806396
L-CXP-03 0.999945 1179.785522 106.583588 1901.281372 472.916779
L-CXP-04 0.999995 129.726501 1853.687378 692.951721 2202.770996
L-CXP-04 0.999974 451.233673 990.136780 988.257202 1274.078369
L-CXP-04 0.999959 1252.714233 1032.098755 1834.018921 1391.489380
L-CXP-05 0.999999 807.356445 1114.255127 1328.877686 1407.044922
L-CXP-05 0.999993 1749.118896 690.667725 2257.443359 956.937012
L-CXP-05 0.999941 857.980591 104.700226 1391.370972 443.029083
L-CXP-06 0.995806 471.062622 944.023010 999.862793 1243.954224
L-CXP-06 0.983914 146.330933 1721.879395 678.328430 2051.718506
L-CXP-07 0.999994 1353.279053 85.192734 1907.149658 416.362793
L-CXP-08 0.999983 1320.908936 642.791199 1861.088867 944.098450
L-CXP-09 1.000000 90.169708 860.363098 680.934082 1218.986450
L-CXP-10 1.000000 133.814331 2022.541504 802.712646 2366.199707
L-CXP-11 0.999871 2289.466064 715.420898 2930.106201 1051.251099
L-CXP-12 0.999997 2132.031250 254.341858 2750.298340 632.197937
L-CXP-13 1.000000 117.969208 1691.119629 729.129517 2055.081787
L-CXP-14 0.999990 2022.781250 2079.005371 2722.547852 2441.318848
L-CXP-15 0.999960 1773.185791 1766.674683 2443.921143 2123.295410
L-CXP-16 0.999981 1042.439697 925.049805 1580.895020 1233.077148
L-CXP-17 0.999998 124.372375 1685.939697 715.501038 2048.993408
L-CXP-17 0.999998 846.125366 1716.456055 1430.984497 2033.958008
L-CXP-17 0.999997 1296.071045 130.931412 1814.072510 439.228088
L-CXP-18 0.999999 2116.997803 981.661743 2691.858643 1339.036499
L-CXP-18 0.999998 1341.346313 1812.913452 1838.809448 2105.670898
L-CXP-18 0.999817 951.503784 95.527542 1490.785278 379.866760
L-CXP-19 0.999996 62.544403 1833.508911 739.095337 2213.041504
L-CXP-20 0.999834 1620.482666 733.742615 2384.024170 1137.384644
L-CXP-21 0.999991 2267.244141 866.378296 2886.667969 1213.207642
L-CYQ-01 1.000000 1602.148193 2133.090576 2341.838867 2558.077881
L-CYQ-01 0.999989 127.274506 1802.061157 888.205933 2277.518555
L-CYQ-01 0.999952 449.423553 2433.437500 1327.429321 2953.708496
L-CYQ-01 0.999945 2472.414551 1885.890015 3310.763672 2361.768066
L-CYQ-02 0.999963 1869.433594 794.069580 2595.969727 1246.864502
L-CYQ-03 0.999998 675.474304 942.264709 1367.619873 1329.922974
L-CYQ-03 0.999985 1429.574951 99.363449 2237.930176 564.965149
L-CYQ-03 0.999983 112.742310 1897.972412 818.665039 2377.899658
L-CYQ-04 1.000000 1319.746826 1084.212646 2019.450928 1487.561035
L-CYQ-04 0.999994 393.544800 1042.693726 1072.463989 1474.978882
L-CYQ-04 0.999988 97.633698 2205.281250 729.663452 2621.223633
L-CYQ-05 0.999997 905.650513 159.622223 1754.658569 610.555542
L-CYQ-05 0.999996 2110.534424 1223.424194 2923.189209 1683.316528
L-CYQ-05 0.999992 904.062988 1938.715698 1700.529785 2399.838379
L-CYQ-06 0.999995 269.398407 1132.789673 962.095947 1542.486206
L-CYQ-06 0.999892 85.082794 2147.444824 765.298706 2621.115723
L-CYQ-07 0.999977 1596.665649 87.501160 2358.456543 530.570923
L-CYQ-08 1.000000 1470.932129 632.805298 2220.860107 1068.842163
L-CYQ-09 0.999984 43.875580 1295.791138 818.030518 1762.600952
L-CYQ-10 0.999891 114.930725 2302.805176 900.446472 2774.495117
L-CYQ-11 0.999969 2416.506836 720.028015 3229.969238 1178.031738
L-CYQ-12 0.999998 2309.109131 220.699493 3098.779541 648.579468
L-CYQ-13 0.999984 65.628876 1941.034790 840.094604 2383.262451
L-CYQ-14 1.000000 2382.544678 2476.737793 3093.911377 2912.136719
L-CYQ-15 0.999993 2235.528809 2353.371338 3103.834473 2800.976807
L-CYQ-16 0.999725 968.562012 1623.190552 1733.604492 1991.905151
L-CYQ-17 1.000000 720.364014 1929.039795 1350.947510 2272.709229
L-CYQ-17 0.999994 763.053772 88.138443 1542.206055 559.651550
L-CYQ-17 0.999993 143.839920 1963.046753 651.806763 2307.281982
L-CYQ-18 1.000000 2450.518311 1136.438721 3187.641357 1566.732422
L-CYQ-18 0.999997 1979.135498 2555.568359 2669.176514 2970.500977
L-CYQ-18 0.999976 1570.442139 115.076904 2349.976318 602.709778
L-CYQ-19 0.999986 150.267151 1694.752563 899.291443 2136.470703
L-CYQ-20 0.999903 1563.684570 471.465027 2332.790771 882.319885
L-CYQ-21 1.000000 2151.397217 870.612549 2877.129639 1242.801270
L-FMZ-01 0.999998 955.660095 1425.013794 1307.820923 1652.645874
L-FMZ-01 0.999996 363.153839 1512.740723 776.516602 1775.689941
L-FMZ-01 0.999989 27.627670 1085.154541 411.656738 1320.809082
L-FMZ-01 0.999691 1631.302368 1094.995850 2001.691772 1340.596680
L-FMZ-02 0.999968 1268.231567 536.350647 1700.735229 791.902771
L-FMZ-03 1.000000 127.421265 916.700195 522.070923 1173.853027
L-FMZ-03 0.999999 703.769531 34.427696 1108.864868 242.937225
L-FMZ-03 0.999999 341.819092 502.932404 766.187866 736.699341
L-FMZ-04 0.999998 56.670853 1483.074463 511.778748 1741.756348
L-FMZ-04 0.999998 287.554047 625.852661 696.780151 860.430542
L-FMZ-04 0.999944 974.116943 605.640869 1370.755615 873.396362
L-FMZ-05 0.999988 1406.806641 629.009216 1867.291992 882.145325
L-FMZ-05 0.999978 728.629456 38.029053 1196.986694 314.258240
L-FMZ-05 0.999965 760.728516 1084.691772 1252.841431 1371.649292
L-FMZ-06 0.999991 1757.037598 721.142761 2231.903320 1074.059814
L-FMZ-07 1.000000 1846.473999 1361.519287 2280.146973 1646.089844
L-FMZ-08 0.999987 1088.667969 732.577393 1527.578369 1015.570679
L-FMZ-09 0.999987 45.006683 764.479187 545.021362 1110.977295
L-FMZ-10 0.999999 439.211243 1735.390381 851.202576 1988.480225
L-FMZ-11 0.999998 811.097168 1863.431396 1221.797363 2108.327637
L-FMZ-12 0.999977 1849.753174 201.119354 2270.773193 431.643646
L-FMZ-13 1.000000 76.115784 1334.009033 483.100525 1581.079102
L-FMZ-14 0.999988 749.062988 1044.619629 1181.808594 1332.457520
L-FMZ-15 1.000000 1521.102661 1489.086670 1916.826050 1728.836670
L-FMZ-16 0.999742 866.268188 970.008667 1254.464722 1195.548950
L-FMZ-17 0.999998 24.357788 1375.206543 484.133087 1679.164551
L-FMZ-17 0.999996 748.314819 38.482285 1184.884033 307.329224
L-FMZ-17 0.972952 680.531006 1330.311523 1092.986450 1652.417236
L-FMZ-18 0.999997 1475.889526 1714.373047 1869.833618 1931.788574
L-FMZ-18 0.999996 1762.012817 788.576050 2184.920410 1029.951904
L-FMZ-18 0.999977 1013.752136 85.991539 1437.106445 333.947357
L-FMZ-19 0.999988 177.522415 1431.528076 573.005615 1724.938721
L-FMZ-20 0.999999 1338.379639 282.107910 1726.805176 541.189819
L-FMZ-21 1.000000 1575.203003 799.180542 2080.095215 1125.084229
L-GJJ-01 1.000000 1591.781616 2106.466553 2115.427734 2438.760010
L-GJJ-01 0.999998 76.682159 1704.444458 603.337891 2037.555298
L-GJJ-01 0.999993 636.895752 2051.633301 1185.688843 2405.033203
L-GJJ-01 0.999992 2400.937744 1753.063110 2919.348877 2077.997070
L-GJJ-01 0.610859 1720.999878 373.187347 1886.848022 482.611298
L-GJJ-01 0.103636 1283.960449 370.898651 1462.980469 513.003845
L-GJJ-02 1.000000 1881.491211 849.455994 2424.572266 1145.180908
L-GJJ-03 0.999999 191.642929 1620.004639 697.259766 1965.980957
L-GJJ-03 0.999995 1396.446411 85.135284 1911.111206 384.281708
L-GJJ-03 0.999994 645.406067 765.766785 1213.487305 1080.068359
L-GJJ-04 0.999957 450.861389 895.496338 904.685974 1178.481689
L-GJJ-04 0.999841 90.096558 1901.414429 617.876526 2236.281738
L-GJJ-04 0.990876 1327.490845 897.960632 1795.913208 1157.406128
L-GJJ-05 0.999998 1019.677490 1240.896240 1493.872314 1528.937500
L-GJJ-05 0.999995 1950.303711 954.690369 2467.877441 1207.210815
L-GJJ-05 0.999986 1092.373291 89.436478 1650.182373 444.688599
L-GJJ-06 0.999880 41.362930 1777.973022 526.706726 2061.080078
L-GJJ-06 0.994645 321.955231 859.252075 813.823975 1138.976440
L-GJJ-07 0.999982 1310.944580 111.387421 1810.447510 409.716156
L-GJJ-08 0.999980 1468.087891 698.477417 1920.208984 970.301025
L-GJJ-09 1.000000 91.084686 906.344788 607.400757 1214.189453
L-GJJ-10 1.000000 303.002106 1675.836670 787.471313 1976.156250
L-GJJ-11 0.999938 2399.034180 812.563721 2938.915527 1118.500610
L-GJJ-12 0.999953 1998.270508 389.257263 2464.814941 670.558777
L-GJJ-13 0.999988 74.663483 1735.814819 567.598633 2038.889038
L-GJJ-14 0.999812 2088.126465 1726.848877 2626.328125 2044.608398
L-GJJ-15 0.999999 1690.226074 1857.452759 2188.407471 2129.766602
L-GJJ-16 0.999906 1082.149414 1139.131592 1603.531738 1453.434326
L-GJJ-17 1.000000 685.039246 1568.076172 1172.872070 1846.288574
L-GJJ-17 0.999999 962.135620 75.108170 1454.150757 385.412659
L-GJJ-17 0.999980 107.402496 1560.548828 562.209839 1855.274170
L-GJJ-18 0.999970 1994.138306 975.990723 2470.859619 1269.862549
L-GJJ-18 0.999964 1201.225464 134.915222 1746.093872 474.575439
L-GJJ-18 0.999957 1371.397827 1861.925415 1915.784058 2185.744141
L-GJJ-19 0.999984 127.291321 1172.739746 644.391846 1433.277832
L-GJJ-20 0.999980 1826.200195 328.555084 2333.490234 596.378052
L-GJJ-21 0.999999 1968.388062 672.373535 2463.242188 981.581543
L-GYC-01 1.000000 1181.153564 1805.899780 1778.864014 2111.919922
L-GYC-01 1.000000 57.463654 1633.925659 710.554565 1958.807739
L-GYC-01 0.999999 2072.675293 1485.035400 2657.791992 1765.547119
L-GYC-01 0.999968 579.724487 2015.529419 1119.517578 2311.296875
L-GYC-02 1.000000 1759.433960 662.109558 2398.156738 966.368103
L-GYC-03 0.999999 584.587646 884.009888 1222.575073 1208.221313
L-GYC-03 0.999998 276.158569 1705.850830 819.101685 1989.453369
L-GYC-03 0.999973 1111.628418 55.707214 1883.130615 460.901733
L-GYC-04 0.999959 95.380310 1736.547119 652.761230 2036.177002
L-GYC-04 0.999871 1290.698853 1208.578979 1793.710083 1503.215454
L-GYC-04 0.999052 331.976257 852.583374 978.101868 1203.856812
L-GYC-05 0.999999 882.256348 1185.350220 1479.270020 1522.116089
L-GYC-05 0.999987 929.019287 69.788177 1590.291992 444.845306
L-GYC-05 0.999943 1903.170288 657.354126 2545.220947 955.296021
L-GYC-06 1.000000 449.796844 949.401367 1026.639771 1241.568115
L-GYC-06 0.999974 125.783020 1754.808105 663.981628 2035.912842
L-GYC-07 0.999998 1039.437744 48.495392 1872.950195 468.000031
L-GYC-08 0.999991 1622.074829 855.056396 2447.753906 1264.624756
L-GYC-09 1.000000 73.788666 1055.892700 785.747925 1399.452515
L-GYC-10 1.000000 367.644592 2146.789307 1040.891113 2492.709229
L-GYC-11 0.999933 2300.113037 747.521240 3049.352783 1328.005371
L-GYC-12 1.000000 2515.254639 539.720337 3076.026123 900.909424
L-GYC-13 1.000000 82.176727 2060.946533 717.064697 2414.287354
L-GYC-14 0.999982 2078.408936 1987.894897 2921.746826 2452.387939
L-GYC-15 0.999883 2144.404297 2354.462646 2886.010254 2751.164795
L-GYC-16 0.999992 1142.692017 1274.909546 2077.915039 1780.912964
L-GYC-17 0.999990 59.136780 1654.560791 620.738098 1990.283936
L-GYC-17 0.999906 912.244385 79.897995 1661.380127 437.012756
L-GYC-17 0.999455 996.347229 1635.591675 1558.565674 1933.382935
L-GYC-18 1.000000 2240.185791 1018.490967 2838.750732 1345.261963
L-GYC-18 1.000000 1818.759277 2121.282715 2462.220215 2459.659180
L-GYC-18 0.999809 780.969910 2138.775391 1295.132080 2452.508301
L-GYC-18 0.999665 1313.199463 266.319397 2032.329834 615.791931
L-GYC-20 0.999993 1651.330811 654.963867 2485.558838 1129.999512
L-GYC-21 0.999988 2065.525391 969.032471 2860.796387 1428.288330
L-GZZ-01 1.000000 38.533600 863.425354 461.242462 1094.642944
L-GZZ-01 1.000000 886.022949 1173.580933 1289.666260 1352.864380
L-GZZ-01 1.000000 1441.611450 1034.357910 1887.932251 1272.333008
L-GZZ-01 1.000000 389.872162 1148.823486 774.787964 1339.108887
L-GZZ-02 0.999999 1076.816040 519.693237 1580.450317 761.364746
L-GZZ-03 1.000000 32.974960 1186.000610 490.607544 1415.807251
L-GZZ-03 0.999992 259.244629 581.047729 753.154480 876.987915
L-GZZ-03 0.999971 595.012451 28.951614 1131.880005 356.401001
L-GZZ-04 1.000000 213.329529 723.794922 755.201355 1018.363403
L-GZZ-04 1.000000 54.471222 1451.368408 550.296265 1726.496826
L-GZZ-04 0.999980 989.580627 742.591248 1418.604492 986.465271
L-GZZ-05 1.000000 683.916565 976.689575 1082.789307 1227.363892
L-GZZ-05 0.999997 1340.102539 788.354492 1774.683350 1015.536499
L-GZZ-05 0.999981 510.281860 62.258118 1016.650024 306.250183
L-GZZ-06 0.999998 1703.090454 580.441284 2189.002441 866.129150
L-GZZ-07 1.000000 1431.773071 1611.345581 1890.279419 1892.659302
L-GZZ-08 0.999999 1367.686523 498.273865 1871.721436 793.626648
L-GZZ-09 0.999752 66.419098 598.261719 488.010345 870.352417
L-GZZ-10 0.999987 294.149902 1398.238647 768.529907 1672.448853
L-GZZ-11 0.999999 803.589966 1986.850342 1286.067993 2235.435303
L-GZZ-12 1.000000 1634.999512 305.402191 2194.369873 603.374634
L-GZZ-13 0.999999 62.377869 1496.327393 575.439819 1808.059570
L-GZZ-14 0.999996 731.939758 953.571289 1237.414795 1204.441162
L-GZZ-15 1.000000 1411.274048 1513.559570 1853.308960 1759.073975
L-GZZ-16 0.999214 727.349243 843.796387 1259.829956 1118.900635
L-GZZ-17 0.999999 67.196030 1209.669678 547.940430 1471.723877
L-GZZ-17 0.999999 717.337891 1203.284302 1180.419922 1425.680542
L-GZZ-17 0.999885 681.851318 54.149811 1184.757812 334.731720
L-GZZ-18 1.000000 1555.905762 562.859375 2007.800781 812.327271
L-GZZ-18 1.000000 1424.846191 1326.033081 1871.709229 1558.503296
L-GZZ-18 0.999955 899.998535 119.624573 1396.705811 384.494995
L-GZZ-19 0.999999 106.081589 1221.152344 617.512695 1501.335205
L-GZZ-20 0.999996 1125.712402 264.230713 1652.452881 554.325745
L-GZZ-21 1.000000 1552.899902 672.504822 2077.778076 942.445129
L-HPY-01 0.999999 2557.497070 1603.515381 3148.627930 1934.782715
L-HPY-01 0.999999 850.598999 1729.715332 1394.950317 2072.275635
L-HPY-01 0.999998 86.564056 1512.666992 590.065796 1797.382080
L-HPY-01 0.999989 1750.944336 1773.830444 2276.937012 2082.364502
L-HPY-01 0.024503 1653.501099 408.862579 1798.610718 532.080627
L-HPY-01 0.021289 1181.067871 409.056274 1347.916992 539.216980
L-HPY-02 1.000000 1806.757690 728.299866 2431.263184 1087.536133
L-HPY-03 1.000000 535.058594 699.017700 1122.590210 1063.636230
L-HPY-03 1.000000 99.655640 1598.902344 673.978516 1965.417480
L-HPY-03 1.000000 1180.237793 64.422607 1797.723633 447.089325
L-HPY-04 1.000000 220.646423 944.348572 785.208923 1303.444336
L-HPY-04 0.999999 63.174408 1825.806152 618.140015 2197.428223
L-HPY-04 0.999997 1150.680298 953.192749 1684.131470 1305.866577
L-HPY-05 0.999999 874.097107 1464.853394 1460.461914 1781.238892
L-HPY-05 0.999994 1842.221313 941.149902 2473.783447 1269.266113
L-HPY-05 0.999986 930.661377 78.638107 1510.724609 438.493591
L-HPY-06 0.999975 310.086792 844.096375 878.614502 1165.488647
L-HPY-06 0.999921 79.683868 1778.657227 645.340454 2161.966309
L-HPY-07 0.999994 1195.908325 112.921921 1835.796509 498.117065
L-HPY-08 0.999993 1275.280273 636.510742 1800.906250 953.668335
L-HPY-09 1.000000 102.143951 1128.190308 720.759277 1477.963013
L-HPY-10 0.999997 400.001495 1989.422607 1062.644409 2372.634521
L-HPY-11 0.999906 2282.472900 866.949585 2996.907959 1363.924927
L-HPY-12 1.000000 1994.620117 530.780151 2595.972168 898.929810
L-HPY-13 1.000000 113.898743 1962.088867 675.497498 2271.389648
L-HPY-14 0.999995 1919.970947 1588.970703 2411.702393 1931.172852
L-HPY-15 0.999997 1950.109863 2212.086914 2584.087891 2571.745117
L-HPY-16 1.000000 1202.486694 943.126038 1858.044556 1350.405518
L-HPY-17 0.999999 737.859741 1693.431152 1247.925293 2043.191650
L-HPY-17 0.999999 910.205566 71.994553 1455.942383 430.934326
L-HPY-17 0.999981 96.868591 1693.374268 611.021423 2061.776367
L-HPY-18 1.000000 2095.197021 817.563843 2647.769287 1145.623413
L-HPY-18 0.999999 1605.456543 1670.064087 2129.979248 1976.330933
L-HPY-18 0.999997 1117.927490 75.184006 1670.908936 411.795837
L-HPY-19 0.999701 246.781464 1320.009888 868.067139 1724.628052
L-HPY-19 0.009543 1696.933105 1363.102539 2231.766846 1851.776367
L-HPY-20 1.000000 1864.381592 575.912720 2422.878662 940.979492
L-HPY-21 0.999962 1926.605225 815.379089 2551.426514 1224.248413
L-HX-01 1.000000 458.377319 1232.594360 918.139771 1465.595337
L-HX-01 0.999998 1342.289185 1347.199951 1886.708130 1590.954834
L-HX-01 0.999995 77.634033 836.884644 580.542969 1102.503662
L-HX-01 0.999988 2183.148682 1295.137085 2694.128662 1574.716431
L-HX-02 1.000000 1914.784668 595.427124 2507.568848 875.863037
L-HX-03 1.000000 193.403046 1066.731934 836.766968 1353.070557
L-HX-03 0.999997 1388.083008 56.105019 1983.456543 303.179443
L-HX-03 0.999986 641.375977 554.532715 1284.551270 827.833252
L-HX-04 0.999996 155.646973 873.739502 787.927063 1181.796143
L-HX-04 0.999991 993.414307 953.604675 1552.860107 1213.775879
L-HX-04 0.999802 92.336334 1677.923828 646.665649 1980.425781
L-HX-05 0.999999 1001.422607 1161.840820 1635.512695 1476.364502
L-HX-05 0.999992 976.083435 61.776428 1616.789062 358.633057
L-HX-05 0.999978 2004.179810 732.992920 2657.625977 1076.239746
L-HX-06 0.999998 241.624634 887.105042 921.677124 1185.208496
L-HX-06 0.999996 36.024292 1543.286011 627.854187 1825.517700
L-HX-07 1.000000 1820.281494 55.722366 2419.182373 354.857117
L-HX-08 0.999998 1329.460815 688.891846 2138.295898 980.727417
L-HX-09 0.999992 36.213379 681.218018 748.971130 997.782349
L-HX-10 1.000000 166.848206 1429.625977 919.427673 1723.294678
L-HX-11 0.999998 2255.613281 501.612915 2930.032227 810.908691
L-HX-12 1.000000 1873.437378 458.752258 2519.001465 739.776794
L-HX-13 0.999991 24.939270 1202.076050 659.082581 1542.286987
L-HX-14 1.000000 1929.581299 1423.210938 2558.993408 1693.538330
L-HX-15 0.999999 1919.081909 1640.025024 2646.169922 1962.270874
L-HX-16 0.999989 1090.556641 1030.555664 1776.174805 1374.739746
L-HX-17 0.999995 626.197144 101.271225 1258.603394 440.104797
L-HX-17 0.999990 635.413208 1420.744751 1274.360107 1698.725708
L-HX-17 0.999953 39.002930 1416.225464 629.984253 1709.836792
L-HX-18 1.000000 2303.366699 1009.826294 3042.664551 1314.575317
L-HX-18 0.999999 1878.263428 1811.592163 2596.631104 2111.857178
L-HX-18 0.995893 1366.363892 108.172318 2026.137817 414.966736
L-HX-19 0.999890 158.351074 1401.842407 795.910645 1693.444946
L-HX-20 0.999995 1623.069702 499.297791 2336.249512 801.173279
L-HX-21 0.999985 1724.716553 511.607178 2437.346436 861.913452
L-LBS-01 1.000000 7.220520 1307.927734 501.803650 1615.909912
L-LBS-01 0.999998 468.469055 1819.214233 856.378845 2092.974121
L-LBS-01 0.999988 1845.371216 1422.660156 2322.352539 1734.801025
L-LBS-01 0.999937 1171.904297 1480.995972 1726.598633 1840.120239
L-LBS-02 0.999999 1143.176392 760.976685 1832.502319 1163.267822
L-LBS-03 0.999999 703.391724 59.467468 1524.856079 512.554993
L-LBS-03 0.999997 17.719620 1422.078125 494.445923 1777.093018
L-LBS-03 0.999982 244.264832 867.168518 808.926575 1222.883423
L-LBS-04 0.999998 786.237976 907.393738 1392.156250 1243.058350
L-LBS-04 0.999987 56.793549 815.394165 611.652832 1189.980103
L-LBS-04 0.999618 61.899261 1904.631470 583.467773 2175.911865
L-LBS-05 1.000000 1186.143555 823.242065 1798.648438 1171.022705
L-LBS-05 0.999998 462.695892 56.291794 1212.039062 514.207275
L-LBS-05 0.999996 543.069092 1319.403076 1115.956421 1669.383789
L-LBS-06 0.999996 1798.255005 889.133179 2381.033691 1203.783081
L-LBS-07 0.999999 1562.551392 1958.105225 2096.064941 2299.993896
L-LBS-08 0.999998 1179.178589 659.835938 1752.950562 979.147949
L-LBS-09 0.999962 46.776672 892.229004 601.924866 1239.131836
L-LBS-10 0.999953 253.421509 1665.795166 821.390381 2030.721191
L-LBS-11 0.999836 784.115356 1728.541504 1401.430542 2083.755371
L-LBS-12 0.999989 1707.983398 260.939392 2240.693359 549.592957
L-LBS-13 0.999739 57.725494 1654.759155 662.768066 2050.889893
L-LBS-14 0.999978 783.887756 954.751221 1306.825928 1212.483887
L-LBS-15 0.999942 1645.537598 1540.778564 2242.664551 1884.262207
L-LBS-16 0.999969 783.064697 1287.298340 1410.815674 1681.441895
L-LBS-17 0.999996 722.797791 1794.533691 1238.699951 2076.440430
L-LBS-17 0.999992 726.168823 90.397659 1418.176636 507.482483
L-LBS-17 0.999971 112.169281 1726.308228 645.843384 2037.804565
L-LBS-18 0.999999 1034.255493 2084.100342 1561.866333 2419.701416
L-LBS-18 0.999998 1451.937134 1019.158386 2126.824951 1404.846436
L-LBS-18 0.999992 827.271606 65.756439 1415.333618 456.838043
L-LBS-19 0.999997 292.489441 1214.009277 801.591614 1516.172363
L-LBS-20 0.999968 1276.825684 506.618439 1845.371826 828.177124
L-LBS-21 0.999995 1417.635498 756.386230 2055.663818 1073.969971
L-LOW-01 0.999999 1421.242065 1789.823853 1886.660767 2077.687500
L-LOW-01 0.999981 93.478729 1337.528687 559.427612 1648.761353
L-LOW-01 0.999944 614.626953 1856.657349 1099.328369 2179.891357
L-LOW-01 0.999833 2242.617920 1326.389160 2655.119873 1591.021484
L-LOW-02 0.999996 1498.423340 702.185852 2035.654053 1008.031433
L-LOW-03 0.999999 522.979858 913.924622 1115.792236 1273.537842
L-LOW-03 0.999998 135.124619 1610.978882 637.840210 1987.537231
L-LOW-03 0.999990 1131.938110 76.309631 1876.778198 549.386780
L-LOW-04 1.000000 125.528748 1798.877319 687.746277 2210.205811
L-LOW-04 1.000000 1353.403076 973.019897 1871.388428 1297.883667
L-LOW-04 1.000000 446.986603 942.505859 919.977905 1227.674561
L-LOW-05 0.999998 826.961670 69.132339 1575.028564 506.226379
L-LOW-05 0.999988 861.337158 1659.744751 1436.332031 2021.865112
L-LOW-05 0.999957 1749.843994 787.445862 2280.533447 1104.974121
L-LOW-06 0.999998 413.759033 1001.043091 944.919922 1293.886597
L-LOW-06 0.999996 107.616516 1901.771973 617.457520 2268.146484
L-LOW-07 0.999978 1089.645752 111.523651 1713.643066 504.738251
L-LOW-08 0.999998 1689.305176 593.881226 2196.610107 902.723267
L-LOW-09 0.999999 99.308960 864.524231 640.923645 1230.129883
L-LOW-10 0.999980 195.892029 1775.284912 693.622009 2122.737549
L-LOW-11 0.999985 2279.202881 718.931213 2810.815674 1112.467407
L-LOW-12 0.999995 2109.369141 318.606201 2715.487305 730.838989
L-LOW-13 0.999999 69.227203 1788.733398 618.320068 2168.315674
L-LOW-14 0.999939 1978.256592 1880.199585 2545.282471 2310.742188
L-LOW-15 0.999999 1934.343628 1941.546265 2469.708984 2302.900879
L-LOW-16 0.999913 1063.472656 1134.880981 1702.955566 1530.618774
L-LOW-17 1.000000 1009.629028 83.250900 1631.335327 440.992126
L-LOW-17 1.000000 50.615784 1784.931519 633.856323 2185.421875
L-LOW-17 0.999997 846.253296 1716.386353 1412.442261 2117.740723
L-LOW-18 1.000000 1673.195435 2178.694336 2193.647217 2463.391602
L-LOW-18 0.999999 1736.704712 1143.307861 2279.079346 1484.479492
L-LOW-18 0.999973 1118.807739 90.988388 1679.191284 433.775757
L-LOW-19 0.999991 221.104218 1596.485596 766.837158 1965.142822
L-LOW-20 0.999991 1749.034424 556.874329 2294.839600 892.210632
L-LOW-21 1.000000 1986.317261 756.948120 2513.246582 1109.728271
L-LYC-01 1.000000 489.100586 1591.495117 904.146973 1847.623779
L-LYC-01 1.000000 57.538239 1282.696411 443.739197 1495.528198
L-LYC-01 1.000000 1302.644287 1610.766846 1653.645996 1852.159912
L-LYC-01 0.999997 1953.839966 1351.312256 2382.184326 1544.553955
L-LYC-02 0.999998 1731.609375 668.784851 2327.785645 993.780579
L-LYC-03 1.000000 158.147522 1519.983643 676.439026 1806.671143
L-LYC-03 1.000000 1360.738525 49.659851 1929.494141 382.425598
L-LYC-03 0.999991 732.626099 853.458557 1190.117065 1137.931763
L-LYC-04 0.999990 389.464478 947.421875 906.270508 1228.745117
L-LYC-04 0.999955 120.378235 1683.237427 633.180542 1993.156616
L-LYC-04 0.998946 1368.097534 940.991699 1835.191772 1219.157715
L-LYC-05 1.000000 1616.342285 737.964905 2103.749268 1020.204529
L-LYC-05 0.999997 900.606689 123.182907 1410.339111 413.153015
L-LYC-05 0.999989 845.055725 1109.523193 1335.841919 1377.852783
L-LYC-06 0.999996 103.802139 1718.228271 526.395935 1979.170654
L-LYC-06 0.999976 442.996765 925.464355 908.134827 1183.629395
L-LYC-07 0.999999 1664.154175 75.774246 2281.059082 450.403748
L-LYC-08 0.996649 1524.475952 686.217651 2040.390503 964.677734
L-LYC-09 0.999960 110.316223 758.175964 530.414673 990.934998
L-LYC-10 0.999949 258.003571 1943.401245 845.819214 2268.358643
L-LYC-11 0.999994 2295.052734 926.406311 2932.438477 1295.620850
L-LYC-12 1.000000 2128.280029 417.031433 2795.355225 810.954773
L-LYC-13 0.999991 129.816956 1838.304810 622.388611 2119.164062
L-LYC-14 0.999999 2114.712402 1626.199585 2743.613281 1972.384644
L-LYC-15 0.999994 1916.236450 2188.419678 2584.497314 2530.758545
L-LYC-16 0.999998 1145.323975 1472.467773 1797.583008 1812.074219
L-LYC-17 0.999999 55.540527 1498.905273 561.332336 1776.024414
L-LYC-17 0.999986 819.554993 98.586624 1372.390625 409.810486
L-LYC-17 0.999981 705.993774 1491.393188 1237.643433 1756.293823
L-LYC-18 0.999999 2338.001221 1165.846436 2869.005615 1473.413574
L-LYC-18 0.999998 1494.194458 222.838287 2120.377441 528.249512
L-LYC-18 0.999997 1752.144409 2048.249756 2262.120361 2357.185791
L-LYC-19 0.999993 196.048676 1356.346558 810.302612 1673.214478
L-LYC-20 0.999976 1710.178223 571.616089 2426.895020 948.573364
L-LYC-21 0.999997 1929.530396 809.170044 2590.010742 1129.899536
L-LYL-01 1.000000 25.186951 1809.034790 817.707397 2241.122559
L-LYL-01 0.999995 1796.205444 2617.206787 2519.396973 3037.608643
L-LYL-01 0.999952 2510.375488 2012.454590 3247.509277 2459.659180
L-LYL-01 0.999946 852.051270 2514.978271 1644.018555 2994.876709
L-LYL-02 0.999930 1993.803223 810.674316 2790.153809 1296.447266
L-LYL-03 1.000000 107.019226 1743.166626 699.755310 2115.673828
L-LYL-03 0.999989 565.500854 882.437317 1234.080200 1321.688965
L-LYL-03 0.999780 1066.724609 38.856171 1868.895264 493.451935
L-LYL-04 0.999999 1128.778809 993.253418 1713.634033 1344.878174
L-LYL-04 0.999999 63.466888 1899.110596 657.566040 2291.366455
L-LYL-04 0.999883 241.252808 996.244141 872.107910 1378.427979
L-LYL-05 0.999991 881.713135 1401.344360 1475.677490 1792.323608
L-LYL-05 0.999981 1692.128906 1076.453491 2352.507568 1449.755737
L-LYL-06 1.000000 80.390991 1930.508545 602.238098 2271.406006
L-LYL-06 0.999748 325.064941 1015.155273 912.366211 1364.624512
L-LYL-07 0.999956 1311.079468 54.549347 1944.268677 461.282196
L-LYL-08 1.000000 1829.919189 622.960083 2478.869873 932.085938
L-LYL-09 0.999999 36.903076 854.891479 694.659790 1237.729126
L-LYL-10 0.999999 387.943024 1957.049561 1156.370972 2395.086670
L-LYL-11 0.999999 2420.099609 1126.058594 3186.914551 1565.186035
L-LYL-12 0.999994 2226.281982 314.198853 3017.588623 764.158081
L-LYL-13 1.000000 91.234497 2342.909912 732.331543 2738.588135
L-LYL-14 1.000000 2381.430420 2031.498779 3095.751221 2413.298584
L-LYL-15 0.999931 2069.686279 1800.622437 2815.033447 2211.964111
L-LYL-16 0.999967 1130.675415 1618.954102 1865.356079 2025.366943
L-LYL-17 1.000000 894.155396 1975.741333 1557.932983 2367.730469
L-LYL-17 0.999998 81.458405 1908.897095 732.300049 2340.828857
L-LYL-17 0.999953 1082.893188 73.079559 1743.424194 490.086517
L-LYL-18 1.000000 1450.655518 43.503647 2128.222168 410.669495
L-LYL-18 1.000000 1786.002197 1788.257935 2391.689697 2094.207275
L-LYL-18 0.999978 2248.706787 833.019287 2896.290771 1194.367432
L-LYL-19 1.000000 89.089294 1741.022095 835.078308 2191.657227
L-LYL-20 1.000000 1912.922363 453.629395 2647.397461 895.923828
L-LYL-21 1.000000 2358.880371 809.665894 3049.083008 1183.320312
L-MJN-01 0.999999 1803.637817 862.077271 2320.564697 1116.676636
L-MJN-01 0.999996 569.332764 1206.148071 1061.257080 1462.251831
L-MJN-01 0.999985 1313.851807 1192.348145 1736.339600 1456.616699
L-MJN-01 0.999929 68.333344 958.816162 479.057465 1210.237061
L-MJN-02 0.999977 1765.941772 644.340637 2530.951416 1014.222351
L-MJN-03 0.999997 515.482056 967.346558 1241.431396 1351.222778
L-MJN-03 0.999995 157.910553 1880.692505 760.119385 2221.691406
L-MJN-03 0.999994 986.351807 85.667175 1803.636963 503.561646
L-MJN-04 0.999995 135.257416 1089.410400 838.145630 1459.095459
L-MJN-04 0.999971 79.080566 2168.280518 725.519714 2542.511963
L-MJN-04 0.999927 1112.249146 1029.649780 1866.775513 1410.738892
L-MJN-05 0.999995 880.906189 1870.896484 1653.820801 2335.738281
L-MJN-05 0.999979 878.826721 48.285416 1681.817383 515.694824
L-MJN-05 0.999934 1759.627930 944.564148 2532.167969 1335.664673
L-MJN-06 1.000000 130.235901 1199.570679 941.848816 1624.834351
L-MJN-06 0.999921 87.598999 2276.228271 812.929871 2648.551514
L-MJN-07 0.999998 1135.523438 77.276855 1983.274170 549.060120
L-MJN-08 0.999998 1171.610107 962.557739 1913.829102 1348.987915
L-MJN-09 0.999963 52.915497 1151.202026 746.223633 1507.090698
L-MJN-10 0.999992 357.652710 2425.115234 1102.714233 2893.774902
L-MJN-11 1.000000 2422.698486 681.540710 3166.115967 1083.560791
L-MJN-12 0.999970 1849.715576 406.249817 2544.345459 847.470764
L-MJN-13 0.999989 38.890228 2093.698486 981.800415 2558.826904
L-MJN-14 0.999918 2104.162598 2112.438721 2880.013672 2604.260010
L-MJN-15 0.999861 2112.325928 2171.415039 2777.704346 2548.412109
L-MJN-16 0.999915 1067.799683 1258.635864 1819.893188 1688.030884
L-MJN-17 1.000000 911.194824 1963.458984 1647.595947 2365.733398
L-MJN-17 0.999996 1130.465820 34.888687 2043.813721 493.241394
L-MJN-17 0.999985 21.422577 1971.417358 829.318115 2391.135254
L-MJN-18 0.999999 1882.855957 2410.076904 2589.245117 2773.235596
L-MJN-18 0.999993 2229.393555 1131.744385 2988.640137 1535.878174
L-MJN-18 0.999961 1197.632812 64.008850 1905.350342 494.361084
L-MJN-19 0.999960 123.768280 1809.593994 954.370239 2309.153076
L-MJN-20 0.999969 1764.688843 432.392151 2587.636963 891.353577
L-MJN-21 0.999996 2063.623535 638.929199 2844.928223 1053.630249
L-MXR-01 1.000000 1604.584106 886.612915 2022.123657 1147.899048
L-MXR-01 0.999999 73.479706 1098.557007 451.890961 1334.787964
L-MXR-01 0.999993 1206.301758 1164.469116 1582.190430 1449.863159
L-MXR-01 0.999931 581.630371 1351.994995 874.785278 1566.647827
L-MXR-02 1.000000 1424.131714 643.555664 1903.234253 957.063721
L-MXR-03 1.000000 174.685333 1424.399292 702.035645 1761.369995
L-MXR-03 0.999944 993.448059 92.200073 1637.700439 545.386230
L-MXR-03 0.999940 503.810852 838.329590 1021.027161 1159.799561
L-MXR-04 0.999986 1156.157715 864.683960 1674.187988 1197.476196
L-MXR-04 0.999980 79.672699 1610.321289 598.551636 2070.090332
L-MXR-04 0.999852 384.646088 808.726501 904.885498 1159.973755
L-MXR-05 0.999999 572.115540 60.512421 1378.336426 590.145508
L-MXR-05 0.999984 699.808838 1504.800415 1210.624023 1882.154175
L-MXR-05 0.999959 1589.440918 1093.777344 2098.036621 1489.786377
L-MXR-06 0.999999 96.995514 1735.987793 677.813354 2171.846436
L-MXR-06 0.999991 352.857147 898.972290 1056.089233 1327.686401
L-MXR-07 0.999999 986.565674 107.999390 1687.137695 495.240784
L-MXR-08 0.999944 1376.298828 683.112793 2116.837402 1073.665161
L-MXR-09 0.999999 105.214905 904.708984 777.984070 1334.157715
L-MXR-10 0.999984 232.209167 1745.518555 958.439392 2188.889648
L-MXR-11 0.999996 1928.642822 672.909912 2730.523682 1117.063110
L-MXR-12 1.000000 2367.080811 327.484283 3035.484131 751.901733
L-MXR-13 0.999998 134.859436 1571.540771 889.263245 2051.321533
L-MXR-14 0.999980 2108.313965 2088.085449 3002.042969 2696.432617
L-MXR-15 0.999997 1605.031860 1853.260620 2427.507812 2335.632812
L-MXR-16 0.999958 890.288208 1063.714844 1608.855835 1501.825439
L-MXR-17 1.000000 877.814758 1354.033203 1437.575439 1739.664062
L-MXR-17 0.999992 870.578674 46.905563 1372.953613 382.924011
L-MXR-17 0.999982 74.378235 1383.541382 795.517883 1856.105103
L-MXR-18 0.999998 1376.862793 1918.819946 2051.483154 2387.968994
L-MXR-18 0.999994 913.631042 226.125854 1547.434814 646.189087
L-MXR-18 0.999984 1754.790283 1009.766052 2334.242676 1399.347656
L-MXR-19 0.999945 274.176086 1268.793701 986.075623 1706.786377
L-MXR-20 0.999995 1695.007324 471.851349 2543.506836 1057.373413
L-MXR-21 0.999979 2067.114014 896.906372 2779.944580 1356.686890
L-MYC-01 1.000000 593.673401 1941.660645 1069.313965 2244.330078
L-MYC-01 0.999999 2194.810303 1781.578979 2703.814209 2130.307373
L-MYC-01 0.999999 1331.172607 1991.641602 1788.122314 2322.801758
L-MYC-01 0.999997 78.085541 1508.882080 558.857910 1843.346924
L-MYC-01 0.006516 1363.363159 293.530548 1492.311646 409.421356
L-MYC-01 0.005311 974.383179 289.936646 1110.666138 413.954956
L-MYC-02 1.000000 1622.648071 875.859436 2052.145264 1169.554932
L-MYC-03 0.999991 115.409103 1394.024902 555.702820 1738.096436
L-MYC-03 0.999980 551.460327 744.476379 1061.060669 1085.437134
L-MYC-03 0.999909 1011.574341 70.559662 1512.713989 386.786377
L-MYC-04 0.999998 394.020020 843.796814 934.990234 1195.310059
L-MYC-04 0.999997 1356.723755 879.886597 1872.100220 1243.390991
L-MYC-04 0.999963 153.130630 1758.887329 635.166687 2134.729004
L-MYC-04 0.006775 904.984558 411.662415 1052.903687 532.529846
L-MYC-05 0.999995 740.035156 964.475342 1241.141113 1335.165039
L-MYC-05 0.999994 1506.699463 1001.069824 1976.502441 1322.749268
L-MYC-05 0.999977 635.192383 41.750824 1179.310791 401.488007
L-MYC-06 0.999725 398.159119 952.207886 907.691223 1242.033569
L-MYC-06 0.998873 111.450562 1785.160156 579.210693 2111.187988
L-MYC-07 0.999999 1466.469238 71.149261 2033.928467 384.096436
L-MYC-08 1.000000 1283.824707 734.966736 1775.542969 1024.925781
L-MYC-09 0.999986 63.287384 758.593628 536.312256 1114.924194
L-MYC-10 1.000000 173.820465 1974.358276 719.540405 2324.141113
L-MYC-11 1.000000 2019.064819 724.058655 2514.354004 1041.006104
L-MYC-12 1.000000 1854.870361 151.195679 2331.429443 467.163330
L-MYC-13 1.000000 94.015686 1712.506104 596.314697 2047.289551
L-MYC-14 1.000000 1829.592163 2105.607178 2390.926270 2430.274170
L-MYC-15 0.999952 1744.234863 1785.808594 2294.321777 2118.014404
L-MYC-16 0.999873 930.629822 1406.248169 1506.341064 1753.350464
L-MYC-17 1.000000 63.720123 1645.312378 598.092407 1993.683716
L-MYC-17 0.999987 864.097900 79.636215 1452.677490 456.431702
L-MYC-17 0.999956 903.966858 1748.834351 1374.473145 2076.370605
L-MYC-18 0.999999 1525.553955 1775.475464 2003.055664 2070.661865
L-MYC-18 0.999997 1895.785522 1031.084961 2423.133545 1339.657227
L-MYC-18 0.999988 1055.108887 141.462173 1575.778076 434.627380
L-MYC-19 0.999984 176.375275 1738.998657 694.530273 2102.792969
L-MYC-20 0.999995 1677.136963 493.502075 2230.767822 845.668579
L-MYC-21 0.999999 1896.808228 1298.663330 2473.172852 1679.427734
L-RYP-01 1.000000 53.418915 2003.424683 797.816406 2495.935059
L-RYP-01 0.999995 717.270630 2584.794189 1550.558228 3152.188721
L-RYP-01 0.999990 2521.272705 1992.140503 3312.431885 2493.374512
L-RYP-01 0.999977 1747.935059 2612.594971 2469.743164 3264.353271
L-RYP-02 0.999995 2097.266113 1358.896606 3118.228027 2048.050537
L-RYP-03 1.000000 66.822723 2653.833984 907.550171 3297.812500
L-RYP-03 0.999997 1224.633545 63.145630 2420.334717 822.382874
L-RYP-03 0.999955 310.975342 1366.347900 1270.493530 2053.279541
L-RYP-04 0.999998 34.323883 1270.985596 935.104370 1924.922363
L-RYP-04 0.999997 41.456696 2858.109375 984.764404 3702.359375
L-RYP-04 0.999985 1271.364746 1161.392212 2310.347656 1792.783081
L-RYP-05 0.999999 886.709045 2547.621094 2014.475586 3254.955566
L-RYP-05 0.999999 1956.481201 1617.775757 2965.530518 2421.577637
L-RYP-05 0.999990 955.811951 70.476959 2137.159668 934.903076
L-RYP-06 0.999999 180.958923 1443.294678 1213.708008 2223.647705
L-RYP-06 0.999992 45.731201 2907.900391 849.923584 3688.244629
L-RYP-07 0.999998 1500.702148 109.827423 2639.066895 955.746826
L-RYP-08 0.999897 1393.972656 1034.948486 2340.756348 1692.746094
L-RYP-09 0.999997 82.190186 1337.473877 903.164734 1933.649658
L-RYP-10 0.999989 307.657288 2972.364014 1266.411621 3664.694580
L-RYP-11 0.999997 2489.746094 651.852356 3336.689453 1261.957275
L-RYP-12 0.999998 2228.371826 825.335938 3083.824951 1599.037109
L-RYP-13 0.999998 65.947296 2665.470703 1036.264771 3403.741211
L-RYP-14 0.999988 2220.194092 2535.866211 3286.339111 3197.051758
L-RYP-15 0.999971 2248.256592 2171.783691 3073.261963 2705.020996
L-RYP-16 0.999981 974.049072 1993.158203 2054.811279 2777.349609
L-RYP-17 0.999995 1089.695312 63.858826 2147.492920 845.741638
L-RYP-17 0.999992 48.220642 3058.618164 926.516479 3720.607910
L-RYP-17 0.999992 1137.325928 2658.566406 1872.586182 3294.679199
L-RYP-18 0.999997 1125.266113 77.821533 2107.098145 676.145813
L-RYP-18 0.999990 2348.204590 1142.481934 3183.794922 1724.378174
L-RYP-18 0.999983 1970.018799 3196.701416 2985.825928 3818.160400
L-RYP-19 0.999986 26.673401 2364.776611 1074.358643 3059.009033
L-RYP-20 0.999942 1983.396362 547.286255 2879.372070 1151.661987
L-RYP-21 0.999658 1958.083984 949.444153 2925.085938 1627.688232
L-WJY-01 0.999990 2243.389893 2889.337891 2970.167236 3369.877441
L-WJY-01 0.999957 63.547577 2363.479736 708.865479 2816.771240
L-WJY-01 0.999949 881.672974 3174.027100 1552.799683 3569.011963
L-WJY-01 0.999875 3917.374268 2638.700928 4689.955078 3110.967529
L-WJY-02 0.999992 2350.805664 1089.281494 2960.225098 1486.197021
L-WJY-03 0.999990 103.978699 2443.142578 834.729858 2942.105957
L-WJY-03 0.999952 1511.728516 129.323181 2459.051514 733.002197
L-WJY-03 0.999890 672.684326 1221.841309 1517.168213 1787.969238
L-WJY-04 0.998487 1954.097046 1502.947021 2650.771729 1907.437256
L-WJY-04 0.983178 138.903259 2596.835693 868.642578 3025.773682
L-WJY-04 0.889274 486.295105 1449.642334 1214.854248 1869.943848
L-WJY-05 0.999987 2988.977295 1045.023560 3830.328857 1530.960571
L-WJY-05 0.999984 1562.881104 1218.300537 2301.230957 1656.543457
L-WJY-05 0.999982 1263.294189 62.527130 2240.622559 684.845459
L-WJY-07 0.999798 1660.714844 153.447159 2369.125244 595.158264
L-WJY-08 0.999996 2062.211670 1167.588501 3135.283936 1841.811646
L-WJY-09 0.999840 138.951019 1404.202148 925.603271 1916.653809
L-WJY-10 0.999998 595.660645 2840.146484 1336.841919 3268.296387
L-WJY-11 0.999978 3458.687744 1047.919678 4328.024414 1522.054443
L-WJY-12 0.999999 3046.688965 290.569153 3842.621582 757.518494
L-WJY-13 0.999986 73.099182 2722.741699 943.421753 3324.244141
L-WJY-14 0.999499 3150.510742 2897.352539 4065.805664 3580.118164
L-WJY-15 0.999393 2891.586914 2644.680176 3748.800293 3185.967285
L-WJY-16 0.999985 1571.199097 1579.095581 2452.035645 2202.278564
L-WJY-17 0.999830 1033.692383 83.883942 1908.830566 670.831787
L-WJY-17 0.999375 1360.300415 2618.523926 2056.523926 3030.448730
L-WJY-17 0.931662 86.075867 2585.524902 710.093384 3045.542480
L-WJY-18 0.999998 2019.018555 193.490814 2885.720703 772.797729
L-WJY-18 0.999987 2561.535645 2649.787109 3418.711914 3220.928711
L-WJY-18 0.999844 3540.570312 1389.442627 4297.770996 1830.772705
L-WJY-19 0.999953 363.179291 2160.107422 1272.815552 2771.377441
L-WJY-20 0.999969 2425.596436 510.433350 3255.351807 1099.842529
L-WJY-21 0.999997 3264.935791 1293.085327 4228.552246 1922.183960
L-WXL-01 0.999999 1050.253296 1177.505127 1322.275513 1348.643311
L-WXL-01 0.999999 483.830902 1196.072266 758.295288 1363.305420
L-WXL-01 0.999998 80.774414 1061.279785 404.704437 1241.636230
L-WXL-01 0.999996 1497.479492 1041.851074 1801.601318 1211.871338
L-WXL-02 0.999999 1252.467773 603.180054 1760.930420 868.805664
L-WXL-03 1.000000 737.028687 97.999390 1435.043335 446.345825
L-WXL-03 0.999999 104.287537 1344.569946 641.627686 1627.177856
L-WXL-03 0.999986 432.877014 780.865723 996.809753 1073.762817
L-WXL-04 0.999999 1060.350098 882.056702 1532.277588 1156.143066
L-WXL-04 0.999977 341.588074 892.702759 835.645081 1181.408569
L-WXL-04 0.999930 117.398239 1667.777222 570.272583 1954.039917
L-WXL-05 1.000000 953.597473 1017.080383 1409.694458 1277.984863
L-WXL-05 0.999999 1571.432129 716.767883 2107.540039 972.404724
L-WXL-05 0.999996 821.841370 107.733276 1424.678467 413.201599
L-WXL-06 0.999812 131.344269 1512.093872 644.167480 1788.168579
L-WXL-06 0.999738 503.376221 889.757812 953.893677 1125.983398
L-WXL-07 0.999994 1118.523682 127.234406 1795.601807 482.617645
L-WXL-08 0.999999 1578.811157 667.450317 2212.306641 1011.287231
L-WXL-09 0.999990 69.112488 978.105652 766.162109 1350.619995
L-WXL-10 0.999999 386.270447 1773.419434 1059.189453 2126.169922
L-WXL-11 1.000000 2073.516113 749.545227 2718.446777 1075.656616
L-WXL-12 1.000000 2343.319824 705.333008 2911.862793 993.261230
L-WXL-13 1.000000 38.345764 1981.429077 737.019592 2321.937500
L-WXL-14 0.999929 2109.359375 1798.898926 2841.654785 2192.784668
L-WXL-15 0.999989 1978.253174 2209.901367 2710.834717 2565.826660
L-WXL-16 0.999992 1154.167358 1478.827271 1914.719849 1867.219849
L-WXL-17 1.000000 762.846741 1598.552856 1242.622681 1895.213989
L-WXL-17 0.999999 1036.934082 81.814590 1685.666260 408.029053
L-WXL-17 0.999995 93.790878 1616.375732 591.838928 1953.457031
L-WXL-18 0.999995 832.256592 91.556091 1413.711426 412.390594
L-WXL-18 0.999993 1232.569214 1692.699219 1762.841675 1970.125977
L-WXL-18 0.999987 1593.802124 889.700378 2091.643311 1156.476807
L-WXL-19 0.999143 139.221100 2145.415527 1095.077515 2648.827637
L-WXL-20 0.999963 1795.835083 521.148193 2626.206787 966.614136
L-WXL-21 0.999966 2122.762695 671.811646 2898.480469 1059.882202
L-WZ-01 0.999994 1345.524414 1655.342773 1758.629639 1891.074463
L-WZ-01 0.999989 504.127136 1661.847046 960.318542 1899.300903
L-WZ-01 0.999986 58.023529 1219.162842 576.322510 1485.978027
L-WZ-01 0.999700 2166.700928 1359.198975 2622.392822 1614.840332
L-WZ-02 0.999977 1609.120361 574.378662 2055.571777 827.828247
L-WZ-03 0.999998 1100.566284 89.882675 1663.501587 393.257996
L-WZ-03 0.999984 133.419235 1269.864624 636.728210 1551.412964
L-WZ-03 0.999843 570.890076 716.642761 1108.141113 977.959045
L-WZ-04 0.999999 517.113220 835.331787 1139.857422 1143.892822
L-WZ-04 0.999431 1473.271606 849.232300 2029.855347 1135.693604
L-WZ-04 0.883051 148.591370 1540.513062 670.252808 1862.922485
L-WZ-05 1.000000 734.402466 1335.468628 1252.813110 1625.999878
L-WZ-05 0.999998 1787.105103 940.049866 2356.906738 1246.862061
L-WZ-05 0.999944 754.716125 97.340012 1425.073730 420.547913
L-WZ-06 0.999996 545.021973 785.287231 1135.541992 1073.017334
L-WZ-06 0.999991 67.125397 1539.593628 622.309570 1872.244019
L-WZ-07 1.000000 1066.042358 105.682022 1582.571655 378.032410
L-WZ-08 1.000000 1951.414551 844.540466 2799.073730 1198.492432
L-WZ-09 0.999991 63.064056 1323.898438 828.926636 1711.868164
L-WZ-10 0.999998 288.468140 2449.446533 1138.159912 2878.028076
L-WZ-11 0.999999 2635.400879 960.275391 3579.958496 1384.040527
L-WZ-12 1.000000 2697.395752 390.026001 3468.573486 806.207886
L-WZ-13 0.999999 47.528259 1962.482910 821.552917 2362.239746
L-WZ-14 1.000000 2456.756348 2353.795654 3232.294434 2691.445068
L-WZ-15 1.000000 2495.027100 2077.111328 3288.291748 2467.056152
L-WZ-16 0.999990 1338.007324 1799.892212 2143.817627 2161.014160
L-WZ-17 0.999982 48.016998 1282.388428 570.212891 1572.248291
L-WZ-17 0.999962 762.551514 1335.293701 1258.297363 1595.188477
L-WZ-17 0.999716 915.456482 65.697250 1426.748535 339.774963
L-WZ-18 1.000000 1509.584961 1555.226562 2056.093262 1814.417480
L-WZ-18 1.000000 1033.986328 125.350037 1558.652832 386.188171
L-WZ-18 0.999999 1892.981567 800.514343 2431.239746 1079.042236
L-WZ-19 0.999995 142.038147 1653.379517 944.380920 2117.277100
L-WZ-20 0.999998 2312.539062 559.414429 3250.051758 996.061646
L-WZ-21 0.999989 3040.300781 943.580383 3862.304688 1372.785278
L-WZ1-01 0.999978 1285.684570 1360.788696 1693.494873 1649.400269
L-WZ1-01 0.999966 618.007446 1458.027222 995.132202 1702.380981
L-WZ1-01 0.999952 87.351898 1323.896240 465.839569 1547.274414
L-WZ1-01 0.999812 2156.830322 1214.477051 2500.992432 1515.254639
L-WZ1-02 0.999966 1287.419067 545.023499 1737.287964 867.312805
L-WZ1-03 0.999998 898.426819 51.985779 1698.430420 623.205383
L-WZ1-03 0.999997 400.665100 893.288757 944.604553 1292.616699
L-WZ1-03 0.999991 54.838867 1650.687134 540.220764 2007.752319
L-WZ1-04 0.999991 299.402161 941.692810 802.891174 1285.230957
L-WZ1-04 0.999984 1273.419556 939.286865 1820.277710 1308.356201
L-WZ1-04 0.999900 66.627014 1547.131836 607.619507 1958.978027
L-WZ1-05 0.999999 684.775757 79.587814 1256.898560 538.915039
L-WZ1-05 0.999993 720.415405 1105.525635 1269.998291 1550.900879
L-WZ1-05 0.999992 1762.398804 1010.942139 2312.456055 1467.750732
L-WZ1-06 0.999999 256.566467 753.695251 782.598572 1120.410034
L-WZ1-06 0.999974 46.316727 1498.497681 511.866760 1865.278687
L-WZ1-06 0.999789 678.354309 1438.238159 1123.514038 1827.473999
L-WZ1-07 0.999997 674.058960 76.654846 1326.234863 566.774719
L-WZ1-08 0.999973 1556.077026 766.656494 2178.824219 1156.511719
L-WZ1-09 0.999980 131.585709 779.237061 638.350037 1170.580200
L-WZ1-10 0.999989 525.018799 1580.698242 1107.940552 1983.144775
L-WZ1-11 0.999999 1710.744751 505.598389 2187.953125 850.261597
L-WZ1-12 0.999854 1861.791016 374.160278 2451.798828 757.867676
L-WZ1-13 0.999997 118.445114 1362.671509 547.546387 1737.988403
L-WZ1-14 0.999855 1736.702881 1166.998657 2274.323730 1626.663452
L-WZ1-15 0.999756 1824.149170 1475.954712 2380.609131 1870.555542
L-WZ1-16 0.999876 790.566406 1219.700439 1389.596680 1643.878174
L-WZ1-17 1.000000 77.351654 1590.105225 662.873047 2023.595215
L-WZ1-17 1.000000 757.749268 90.162903 1315.359619 508.407043
L-WZ1-17 0.999980 866.626465 1551.837769 1487.968506 2014.017212
L-WZ1-18 0.999956 1084.172119 123.762192 1642.371338 544.009949
L-WZ1-18 0.999940 2036.506470 748.039795 2547.733887 1170.176270
L-WZ1-18 0.999272 1567.132568 1496.552979 2120.122559 1891.574951
L-WZ1-19 0.999996 201.926636 1591.635620 856.301025 2042.554077
L-WZ1-20 0.999997 1639.996582 413.410522 2194.635498 804.853638
L-WZ1-21 0.999977 2101.532959 475.083740 2583.013428 866.061768
L-XTQ-01 1.000000 1336.491943 1392.849243 1755.548340 1644.194702
L-XTQ-01 1.000000 342.104858 1410.878906 861.484741 1671.124268
L-XTQ-01 0.999998 1905.234863 993.241089 2353.869629 1242.197144
L-XTQ-01 0.999998 53.025162 1010.355957 499.528259 1245.838135
L-XTQ-02 0.999999 1431.136230 619.622681 1914.322266 905.404541
L-XTQ-03 1.000000 819.785706 67.141693 1305.958496 329.544434
L-XTQ-03 1.000000 116.016876 1167.671387 549.576416 1433.812988
L-XTQ-03 0.999999 330.312256 638.828186 822.482666 910.431091
L-XTQ-04 1.000000 1327.203491 831.465759 1976.720337 1190.892212
L-XTQ-04 0.999999 76.020782 1722.114380 712.033569 2136.177734
L-XTQ-04 0.999999 373.630310 770.470093 1082.058838 1115.447388
L-XTQ-05 1.000000 1093.135986 1101.168091 1728.721924 1437.248657
L-XTQ-05 0.999992 1924.074463 814.249634 2685.947998 1200.254517
L-XTQ-05 0.999867 1080.457642 49.179077 1773.032104 432.678406
L-XTQ-06 0.999999 318.884979 863.073975 1001.049316 1223.385498
L-XTQ-06 0.999997 72.049713 1684.802734 693.602539 2015.611328
L-XTQ-07 0.999997 1157.688477 70.496964 1940.126953 470.099182
L-XTQ-08 1.000000 1446.163574 726.349121 2078.055420 1045.908691
L-XTQ-09 0.999998 77.198883 916.957703 650.529053 1244.585327
L-XTQ-10 1.000000 206.708893 1622.216309 861.770142 2009.575928
L-XTQ-11 0.999999 2226.490723 725.513306 2849.902832 1043.781372
L-XTQ-12 1.000000 2166.928223 294.193359 2813.694824 606.135681
L-XTQ-13 0.999998 76.232300 1626.258057 647.878967 1940.807617
L-XTQ-14 0.999999 1873.435913 1781.733398 2605.302002 2171.428223
L-XTQ-15 0.999996 1941.155518 1765.991943 2602.671143 2081.076904
L-XTQ-16 0.999911 961.047241 1286.298218 1705.690308 1688.132935
L-XTQ-17 1.000000 43.736969 1702.845825 761.021973 2114.508301
L-XTQ-17 0.999999 908.494873 1684.680054 1623.287354 2059.178223
L-XTQ-17 0.999868 1077.776123 69.497787 1935.987305 499.419006
L-XTQ-18 0.999999 2046.440918 873.873291 2607.059570 1168.685669
L-XTQ-18 0.999997 1502.847534 1693.445557 2058.598145 2002.701172
L-XTQ-18 0.999991 923.243164 60.299118 1668.156494 453.264343
L-XTQ-19 0.999991 170.253326 1466.247192 842.758667 1827.827515
L-XTQ-20 0.999904 1578.082275 539.565369 2341.929688 863.550964
L-XTQ-21 0.999984 1994.113281 889.913635 2771.000977 1266.122681
L-ZJY-01 0.999999 95.479736 1120.921143 479.188049 1358.412598
L-ZJY-01 0.999999 509.416534 1417.278809 1001.596191 1712.952881
L-ZJY-01 0.999998 1304.677856 1448.211670 1721.454468 1723.150391
L-ZJY-01 0.999998 1928.233398 1104.128174 2384.520508 1377.121826
L-ZJY-02 0.999998 1658.542236 547.219238 2166.191406 805.748169
L-ZJY-03 1.000000 908.343506 673.210388 1449.962402 973.854553
L-ZJY-03 1.000000 223.169754 1369.286621 726.379272 1653.872559
L-ZJY-03 0.999998 1423.253540 87.983688 2048.441162 423.138855
L-ZJY-04 1.000000 1136.815674 848.653381 1706.835449 1188.813599
L-ZJY-04 0.999999 204.957947 842.071472 733.644592 1172.802124
L-ZJY-04 0.999911 76.978912 1856.482178 752.720459 2248.173096
L-ZJY-05 0.999998 1009.488037 55.640732 1933.641846 533.709534
L-ZJY-05 0.999981 936.351868 1653.406006 1669.767822 2048.015381
L-ZJY-05 0.999812 2079.512451 1200.764404 2783.988525 1594.700684
L-ZJY-06 1.000000 77.689484 1838.704834 688.253052 2255.499268
L-ZJY-06 0.999999 369.022308 940.809814 1062.243896 1263.998535
L-ZJY-07 0.999990 1572.375610 63.196426 2336.088379 427.053406
L-ZJY-08 0.999961 1543.502197 700.384583 2280.893799 1113.749756
L-ZJY-09 0.999999 73.647888 933.870605 771.199646 1358.904053
L-ZJY-10 1.000000 339.065308 1467.806763 1008.492310 1805.363403
L-ZJY-11 0.999998 2180.841797 817.604614 2754.140625 1122.194458
L-ZJY-12 1.000000 2137.696777 271.099182 2741.103027 583.535583
L-ZJY-13 0.999980 111.677887 1839.741333 793.895508 2222.741455
L-ZJY-14 0.999990 2191.101562 1922.847656 2925.520020 2390.312988
L-ZJY-15 0.999884 2016.452148 1980.203979 2715.295410 2382.477051
L-ZJY-16 0.999985 1044.458984 1214.481567 1910.828125 1671.025757
L-ZJY-17 1.000000 90.266663 1501.429199 683.630249 1865.095215
L-ZJY-17 0.999998 866.933350 1543.437256 1446.946289 1884.410889
L-ZJY-17 0.999997 1172.440674 88.312546 1962.415771 460.171326
L-ZJY-18 0.999999 1649.684570 1996.425293 2292.849609 2352.491211
L-ZJY-18 0.999999 2067.475098 1098.091309 2733.961426 1451.394531
L-ZJY-18 0.999968 1308.196777 235.402084 2013.206787 623.633240
L-ZJY-19 0.999485 170.491821 1500.453857 858.482666 1897.492432
L-ZJY-20 0.999999 1792.574463 447.819672 2465.763428 831.113403
L-ZJY-21 0.999996 2062.167236 804.804199 2813.863525 1254.755859
L-ZLS-01 0.999999 55.413727 1223.076294 485.272186 1492.427368
L-ZLS-01 0.999996 642.195557 1273.348389 989.265747 1516.588623
L-ZLS-01 0.999993 1090.545532 1261.134766 1463.129761 1525.239014
L-ZLS-01 0.991198 1662.796387 1125.433105 2058.257568 1373.014404
L-ZLS-02 0.999999 1333.091553 821.480957 1945.149414 1164.337402
L-ZLS-03 0.999975 93.810349 1377.295898 561.161133 1693.875000
L-ZLS-03 0.999975 824.745483 47.422440 1411.334106 412.744385
L-ZLS-03 0.999956 337.494080 762.535278 833.538513 1109.353149
L-ZLS-04 0.999970 1080.636230 861.509644 1547.779541 1209.797485
L-ZLS-04 0.999917 200.494995 829.095093 737.556885 1171.048706
L-ZLS-04 0.998734 71.087143 1563.749634 496.476440 1872.175171
L-ZLS-05 0.999999 690.971985 44.635056 1259.390625 389.560974
L-ZLS-05 0.999995 711.957886 998.515381 1263.165405 1361.797607
L-ZLS-05 0.999912 1439.314331 774.276855 1921.481323 1086.260864
L-ZLS-06 0.999983 1759.350952 746.261353 2323.655762 1143.735962
L-ZLS-07 0.999981 1707.988647 1663.847778 2302.103516 2069.779297
L-ZLS-08 0.999967 1305.168823 571.524414 1720.097290 870.856934
L-ZLS-09 0.999987 42.550888 721.863342 527.289917 1047.879883
L-ZLS-10 1.000000 194.378906 1498.754272 645.463562 1793.342896
L-ZLS-11 0.999999 768.064270 2099.785889 1286.811523 2456.416260
L-ZLS-12 0.999999 1566.234253 222.636948 2078.440430 553.118103
L-ZLS-13 0.999995 22.628113 1499.438965 536.315369 1831.458740
L-ZLS-14 0.999975 704.495605 878.745117 1169.839478 1165.426636
L-ZLS-15 0.999913 1361.321777 1724.178467 1866.006836 2038.906006
L-ZLS-16 0.999995 819.725952 1131.608643 1356.882202 1501.532471
L-ZLS-17 1.000000 548.835083 1408.624268 1031.776733 1739.762207
L-ZLS-17 0.999997 31.847305 1379.041260 524.075317 1727.607178
L-ZLS-17 0.999996 820.729614 32.517349 1347.409058 366.079224
L-ZLS-18 0.999996 868.094360 327.809479 1342.421509 660.032593
L-ZLS-18 0.999970 1651.340820 940.790466 2217.177979 1333.308228
L-ZLS-18 0.999965 1204.977783 1798.268188 1735.376709 2164.884766
L-ZLS-19 0.999979 237.643829 1453.847168 758.739136 1805.261230
L-ZLS-20 0.999968 1372.326538 595.165527 1960.017456 923.840942
L-ZLS-21 0.999996 2840.975586 1297.328857 3929.322754 2002.662598
L-ZRY-01 1.000000 504.554626 1586.665161 965.955627 1889.374390
L-ZRY-01 1.000000 1258.154297 1576.762329 1752.628174 1885.430786
L-ZRY-01 1.000000 1841.906494 1401.349487 2307.061279 1711.469604
L-ZRY-01 0.999999 53.599228 1339.240723 497.963440 1649.917236
L-ZRY-02 0.999930 1434.492676 837.399231 2065.684814 1178.619141
L-ZRY-03 0.999990 116.022675 1242.237915 699.722656 1650.472046
L-ZRY-03 0.999988 476.378326 613.196594 1038.994995 950.348083
L-ZRY-03 0.999935 1052.083496 46.285843 1582.231445 381.868469
L-ZRY-04 1.000000 1200.611084 757.101318 1807.698730 1156.120850
L-ZRY-04 1.000000 92.441406 1484.860718 624.200989 1856.921265
L-ZRY-04 0.999997 498.861664 699.897583 993.225586 1019.905396
L-ZRY-05 0.999999 676.426086 1028.863892 1368.738037 1505.792847
L-ZRY-05 0.999995 775.159668 91.088684 1380.907471 539.906006
L-ZRY-05 0.999995 1434.374023 804.973694 1988.927734 1182.183472
L-ZRY-06 1.000000 79.345963 1400.073608 586.907410 1811.652710
L-ZRY-06 0.999956 422.383667 696.879883 1024.522705 1094.494507
L-ZRY-07 0.999999 995.564148 93.417648 1611.455566 536.964172
L-ZRY-08 0.999998 1596.521729 613.111328 2202.829102 1009.284546
L-ZRY-09 0.999984 125.425354 1003.405090 804.967712 1521.766113
L-ZRY-10 1.000000 518.547974 1705.056030 1134.357788 2135.407959
L-ZRY-11 0.999997 2049.844727 706.042603 2686.746094 1120.799683
L-ZRY-12 1.000000 2009.903320 379.729248 2578.528320 754.948486
L-ZRY-13 0.999979 39.533234 1844.656860 695.827026 2349.904053
L-ZRY-14 0.999994 1967.758667 1706.303955 2594.918945 2122.976807
L-ZRY-15 0.999969 1732.859741 1864.176880 2231.526367 2262.829834
L-ZRY-16 0.999928 940.381104 1307.219971 1683.575928 1801.674072
L-ZRY-17 0.999999 717.484009 1259.268555 1259.942505 1601.435059
L-ZRY-17 0.999996 87.785446 1236.808716 555.846008 1635.106079
L-ZRY-17 0.999987 830.964966 68.590500 1356.521851 439.955688
L-ZRY-18 0.999997 1479.763428 951.197449 2074.710938 1339.498535
L-ZRY-18 0.999990 902.552246 116.909058 1453.574463 563.744995
L-ZRY-18 0.999986 1239.834717 1608.633423 1762.394043 2014.626831
L-ZRY-19 0.999999 293.079132 1724.475342 896.043091 2214.195557
L-ZRY-20 0.999998 1598.605713 376.556763 2136.350586 754.143921
L-ZRY-21 0.999993 1716.403931 751.194702 2339.506836 1146.966675
L-ZTQ-01 1.000000 1477.004761 1906.568481 2107.230957 2241.414551
L-ZTQ-01 1.000000 65.762939 1852.636230 768.632996 2201.552734
L-ZTQ-01 0.999986 706.457153 1970.409668 1448.026978 2393.775879
L-ZTQ-01 0.999981 2113.585449 1771.989502 2896.277344 2135.109863
L-ZTQ-02 0.999946 1801.005981 960.432007 2590.573486 1377.191040
L-ZTQ-03 0.999997 108.535736 1831.819092 767.104248 2263.395752
L-ZTQ-03 0.999993 493.071411 941.187744 1275.712891 1397.677002
L-ZTQ-03 0.999649 872.811401 60.440109 1809.586792 420.781372
L-ZTQ-04 0.999999 1180.652222 1228.380005 1951.834839 1569.152710
L-ZTQ-04 0.999998 359.630585 1147.928589 1019.051514 1518.518188
L-ZTQ-04 0.999994 60.473236 2144.337646 669.810791 2438.057373
L-ZTQ-05 0.999998 1759.305908 1012.891968 2549.586670 1446.561890
L-ZTQ-05 0.999970 793.873291 1486.943115 1556.923096 1873.733643
L-ZTQ-05 0.999928 798.004639 70.511826 1532.584473 366.089111
L-ZTQ-06 0.999998 96.177338 2181.199707 747.048096 2476.591797
L-ZTQ-06 0.999763 260.754456 1470.903564 867.251282 1813.059814
L-ZTQ-07 0.999995 1107.766357 70.862183 1875.312744 432.706268
L-ZTQ-08 0.999998 1242.541260 798.018433 2051.265381 1261.026489
L-ZTQ-09 0.999999 47.003876 1105.429443 748.255371 1488.988770
L-ZTQ-10 0.999996 430.110077 2188.767822 1246.567383 2651.906494
L-ZTQ-11 1.000000 2163.711914 877.445312 3030.621094 1290.653564
L-ZTQ-12 1.000000 2068.019043 340.202332 2734.969238 670.947754
L-ZTQ-13 1.000000 79.833588 1790.105957 740.629028 2214.956543
L-ZTQ-14 0.999997 2044.792480 1780.752563 2884.867676 2249.386230
L-ZTQ-15 0.999611 2119.207031 1771.212036 2944.718262 2174.884521
L-ZTQ-16 0.999986 1089.424316 1293.722656 2046.847900 1802.189697
L-ZTQ-17 0.999999 30.177979 2271.003662 766.598022 2674.902100
L-ZTQ-17 0.999987 907.925720 2240.207031 1656.775635 2660.624023
L-ZTQ-17 0.999945 1048.660034 27.305054 1946.773804 412.082092
L-ZTQ-18 0.999999 1899.931641 1126.861816 2751.932129 1563.484863
L-ZTQ-18 0.999999 978.043457 50.799149 1805.515869 478.414001
L-ZTQ-18 0.999920 1639.764404 2236.909912 2410.572510 2595.658936
L-ZTQ-19 0.999904 318.492249 1726.370850 1101.212891 2156.718994
L-ZTQ-20 0.999990 1904.289062 355.375793 2773.911133 790.277283
L-ZTQ-21 0.999973 1889.613281 841.869141 2695.554688 1154.790894
L-ZYL-01 1.000000 1906.169800 1520.019287 2518.820068 1834.326904
L-ZYL-01 1.000000 70.395966 1444.157349 671.564453 1728.482056
L-ZYL-01 0.999997 520.203247 1986.609497 1146.560791 2340.837891
L-ZYL-01 0.999978 1380.793701 2031.179932 1991.690430 2367.356689
L-ZYL-02 0.999993 1626.629395 728.483154 2226.645752 1088.636475
L-ZYL-03 0.999999 889.132324 68.209702 1552.166504 450.191467
L-ZYL-03 0.999998 507.523346 765.570923 1084.632446 1101.893311
L-ZYL-03 0.999987 143.860748 1383.090698 761.258789 1720.956177
L-ZYL-04 1.000000 357.551971 804.003601 951.682983 1171.348022
L-ZYL-04 0.999990 97.340851 1604.091309 694.508179 1964.034180
L-ZYL-04 0.999695 1133.828613 817.596069 1751.507080 1212.170532
L-ZYL-05 0.999996 872.006836 95.296402 1470.145020 478.204407
L-ZYL-05 0.999988 1636.609863 847.148010 2298.096680 1177.336060
L-ZYL-05 0.999956 781.692993 1080.953369 1405.950073 1440.929443
L-ZYL-06 1.000000 438.963104 690.825562 1027.820557 1017.495605
L-ZYL-06 1.000000 80.920563 1464.360352 680.187988 1797.648926
L-ZYL-07 0.999995 1034.003662 70.626251 1672.775635 409.844482
L-ZYL-08 1.000000 2020.703613 881.018799 2927.573730 1381.212158
L-ZYL-09 0.999946 80.963959 889.768616 852.966187 1361.183105
L-ZYL-10 0.999995 543.809875 2043.786621 1443.566650 2547.928711
L-ZYL-11 0.999999 3083.819092 894.631226 3977.914795 1399.522339
L-ZYL-12 1.000000 2764.832031 396.065674 3563.346191 907.930786
L-ZYL-13 0.999989 84.120056 1997.117798 1026.579834 2558.004883
L-ZYL-14 0.999518 2591.456543 2043.577026 3499.972168 2558.745850
L-ZYL-15 0.999933 2112.692383 1691.270142 2925.996094 2106.861084
L-ZYL-16 0.999975 1376.570312 1530.743652 2223.624512 2063.595947
L-ZYL-17 1.000000 774.892395 1280.507446 1311.315674 1649.978149
L-ZYL-17 1.000000 65.475159 1275.353394 636.507690 1643.161011
L-ZYL-17 0.999986 917.856323 57.954041 1507.253296 405.245911
L-ZYL-18 1.000000 1520.308594 1521.796997 2149.939697 1864.906860
L-ZYL-18 1.000000 1939.909180 815.292603 2530.436035 1146.235840
L-ZYL-18 0.999938 1365.868896 108.742889 1997.218506 451.647064
L-ZYL-19 0.999673 188.268585 1366.825684 982.251099 1821.080322
L-ZYL-20 0.999896 2473.633057 432.491364 3417.305908 961.929199
L-ZYL-21 0.999999 2293.630615 634.669800 3203.897217 1159.626587
L-ZYL-21 0.999066 1082.873291 1677.540161 2092.565674 2262.860840
L-ZYR-01 1.000000 858.575562 1841.754028 1437.458130 2160.009033
L-ZYR-01 0.999999 1755.157227 1897.931763 2229.527100 2183.441406
L-ZYR-01 0.999999 62.824921 1528.632935 659.448242 1936.145630
L-ZYR-01 0.999984 2428.973633 1444.972900 2938.490234 1785.079346
L-ZYR-02 1.000000 1805.976562 838.716614 2334.930664 1156.398926
L-ZYR-03 0.999999 1112.084473 83.935745 1712.342041 383.314148
L-ZYR-03 0.999999 232.533203 1323.351685 793.021912 1634.369995
L-ZYR-03 0.999998 677.171021 742.695435 1197.977051 1017.291626
L-ZYR-04 0.999999 36.738556 1703.299194 573.275513 2075.113037
L-ZYR-04 0.999999 242.891449 885.358643 773.367188 1193.006348
L-ZYR-04 0.999998 1195.928955 898.856384 1699.880371 1236.021606
L-ZYR-05 1.000000 969.471375 1100.003418 1465.297852 1412.380127
L-ZYR-05 0.999927 1768.072632 733.292114 2331.741211 1083.575439
L-ZYR-05 0.999926 841.987183 70.454697 1371.636597 432.241333
L-ZYR-06 1.000000 443.392120 747.719910 993.227539 1052.957275
L-ZYR-06 1.000000 101.334564 1471.107178 663.869263 1765.601562
L-ZYR-07 0.999999 1090.666016 54.086105 1683.356689 388.828003
L-ZYR-08 0.999985 2136.429932 996.404419 2997.764893 1517.319946
L-ZYR-09 1.000000 10.877808 1142.422241 844.249207 1620.515747
L-ZYR-10 0.999987 325.757629 2095.844482 1294.403564 2595.957275
L-ZYR-11 0.999999 3119.997314 923.384094 3897.071045 1402.197998
L-ZYR-12 0.999999 2979.837402 120.235779 3834.000000 632.629944
L-ZYR-13 1.000000 1.000000 1946.462891 794.157288 2434.000000
L-ZYR-14 0.999899 2362.746338 1990.264526 3131.568115 2497.481934
L-ZYR-15 0.999938 2728.646729 2255.484619 3518.436279 2796.146240
L-ZYR-16 0.135145 1381.122070 1303.905762 2274.757812 1793.024658
L-ZYR-17 1.000000 124.207916 1409.589478 723.608887 1730.509888
L-ZYR-17 1.000000 1020.848877 100.243225 1691.068359 458.386292
L-ZYR-17 0.999998 911.162598 1397.887695 1455.273438 1733.343750
L-ZYR-18 1.000000 1792.149170 1530.443481 2364.534424 1857.450806
L-ZYR-18 0.999997 2160.246094 830.752930 2801.485352 1153.021484
L-ZYR-18 0.999994 1126.699219 85.626831 1798.468506 449.730835
L-ZYR-19 0.999995 48.681122 2182.471924 938.042969 2705.216064
L-ZYR-20 1.000000 2634.412598 323.708282 3629.098145 818.314453
L-ZYR-21 0.999960 2785.173828 812.307800 3773.354980 1378.454346
L-ZZY-01 0.999930 54.353394 913.985413 365.718018 1145.734131
L-ZZY-01 0.999837 1394.776123 788.817444 1690.565186 995.188904
L-ZZY-01 0.999543 963.174377 1066.339600 1263.925293 1270.505127
L-ZZY-01 0.974667 475.967102 1134.224121 715.580994 1310.361328
L-ZZY-02 0.999995 1243.075928 900.884155 1830.198730 1293.833374
L-ZZY-03 0.999998 239.896591 754.550293 736.593140 1044.984131
L-ZZY-03 0.999995 106.097580 1258.362061 515.447571 1548.871826
L-ZZY-03 0.999984 635.401733 41.642105 1231.291260 434.288025
L-ZZY-04 0.999984 189.976837 800.911377 730.514893 1134.080322
L-ZZY-04 0.999931 844.549194 767.617676 1354.217163 1110.916382
L-ZZY-04 0.999904 68.313339 1497.919067 514.133484 1787.380981
L-ZZY-05 1.000000 681.916443 906.003052 1153.320068 1175.041382
L-ZZY-05 0.999996 648.263306 43.610779 1176.358765 377.030273
L-ZZY-05 0.999973 1448.993530 583.989380 1972.908325 857.182129
L-ZZY-06 0.999992 1529.755005 495.907532 1932.217163 732.741272
L-ZZY-07 1.000000 1367.295410 1292.227661 1750.864014 1526.240845
L-ZZY-08 1.000000 940.973022 428.636475 1349.697876 708.049683
L-ZZY-09 0.999954 36.498611 532.965759 448.470337 811.393616
L-ZZY-10 1.000000 201.842728 1006.949829 587.522461 1230.881470
L-ZZY-11 0.999999 563.401733 1403.056396 876.220947 1593.981445
L-ZZY-12 1.000000 1503.361084 282.231079 1880.752197 494.869568
L-ZZY-13 0.999997 37.757614 1146.990112 401.148743 1371.748657
L-ZZY-14 1.000000 549.853455 661.313599 873.293274 853.093506
L-ZZY-15 0.999999 1344.422852 1061.214355 1644.571045 1271.177734
L-ZZY-16 0.999995 727.727844 733.823730 1053.061157 950.930298
L-ZZY-17 0.999999 522.843384 1346.482422 926.833130 1607.840820
L-ZZY-17 0.999999 50.373978 1331.382935 405.621399 1570.785278
L-ZZY-17 0.999972 751.469604 65.453201 1218.557617 349.067383
L-ZZY-18 0.999990 1405.661255 683.331238 1761.074341 933.067078
L-ZZY-18 0.999934 776.642822 70.030823 1161.324097 331.498932
L-ZZY-18 0.999649 1320.254639 1257.541382 1736.533203 1537.386353
L-ZZY-19 0.999994 161.525421 1028.255981 490.340485 1247.150513
L-ZZY-20 0.999997 1071.563843 264.224060 1432.953247 465.210999
L-ZZY-21 0.999992 1089.391235 362.204529 1441.808228 587.298889
L-ZZY1-01 1.000000 1875.782959 1428.364502 2379.522217 1775.460938
L-ZZY1-01 1.000000 1156.262451 1936.020386 1678.661621 2286.566650
L-ZZY1-01 0.999999 37.598297 1303.216797 508.944000 1624.677734
L-ZZY1-01 0.999997 416.814148 1863.248047 899.657898 2194.104980
L-ZZY1-02 0.999960 1204.444214 652.655701 1710.459351 997.805481
L-ZZY1-03 0.999999 86.718658 1498.467285 630.764282 1839.910156
L-ZZY1-03 0.999972 369.237915 858.352173 825.855591 1171.848877
L-ZZY1-03 0.999962 714.441833 28.343445 1387.527832 477.446899
L-ZZY1-04 1.000000 182.687408 884.627502 607.943604 1171.400391
L-ZZY1-04 1.000000 959.861938 881.622375 1411.349487 1177.499390
L-ZZY1-04 0.999997 43.381760 1538.231201 404.145996 1791.740967
L-ZZY1-05 1.000000 710.787354 1099.933960 1128.461182 1402.407837
L-ZZY1-05 0.999999 645.919983 24.349152 1256.674561 454.099823
L-ZZY1-05 0.999983 1549.812866 926.840271 1979.036987 1266.890869
L-ZZY1-06 0.999998 1686.163086 735.473877 2225.138916 1058.618896
L-ZZY1-07 0.999813 1621.443481 1465.141724 2106.758301 1805.141235
L-ZZY1-08 0.999270 1102.038330 456.702606 1646.432373 791.407959
L-ZZY1-09 0.999992 58.042068 702.136963 471.914917 975.274780
L-ZZY1-10 0.999959 187.908295 1944.541504 708.221313 2312.594238
L-ZZY1-11 1.000000 586.324768 2171.425537 1054.397705 2487.013916
L-ZZY1-12 1.000000 1839.176392 316.449097 2258.414551 607.611450
L-ZZY1-13 1.000000 30.767151 1730.850830 499.666748 2043.235596
L-ZZY1-14 0.999999 685.354797 1213.480835 1090.220947 1460.834595
L-ZZY1-15 0.999939 1463.318848 1608.313599 1974.939941 1904.631226
L-ZZY1-16 0.999999 742.546875 847.799561 1197.357544 1109.547852
L-ZZY1-17 1.000000 19.234665 1470.852905 436.996277 1703.249634
L-ZZY1-17 0.999998 802.723511 50.156647 1428.940308 448.916779
L-ZZY1-17 0.999865 533.084106 1456.951294 1048.125122 1797.660278
L-ZZY1-18 0.999996 1353.548828 736.049194 1871.938232 1089.689331
L-ZZY1-18 0.999984 792.996826 75.511612 1256.528076 397.891724
L-ZZY1-18 0.999920 1066.294067 1552.051758 1510.084351 1879.010254
L-ZZY1-19 1.000000 133.158600 1285.513062 659.461304 1577.326050
L-ZZY1-20 0.999995 1203.861084 367.034088 1828.428467 732.780640
L-ZZY1-21 0.999999 1382.717163 618.759155 1979.166382 1041.390503
