L-CJB-08 1.000000 2663.259277 221.508026 3215.958008 770.540283
L-CJB-09 1.000000 2574.011230 1153.677979 3111.761719 1653.279541
L-CJB-10 0.999985 97.827179 345.046478 688.523560 922.149292
L-CJB-10 0.999997 2162.378174 2024.550903 2736.157959 2498.722412
L-CJB-11 0.999955 839.680420 748.644531 1395.425781 1312.387451
L-CJB-11 0.999779 80.888062 750.570374 702.538208 1360.997070
L-CJB-12 0.998485 1225.236328 178.663422 1782.288086 746.441406
L-CJB-13 1.000000 954.117065 1509.938477 1464.976440 2010.915039
L-CJB-14 0.999999 1242.262207 2325.981445 1753.105225 2814.009277
L-CJB-15 0.999938 98.047119 910.005066 669.404236 1479.538574
L-CJB-16 0.999986 58.084290 1027.212402 685.104858 1684.186768
L-CJB-19 0.999990 1997.102905 161.702545 2563.635742 689.969727
L-CJB-20 0.999998 193.195251 2339.654785 716.053467 2854.812500
L-CJB-21 0.999744 1383.007446 36.369934 1965.450317 650.851807
L-CXP-06 0.007047 471.062622 944.023010 999.862793 1243.954224
L-CXP-08 0.999994 2285.521729 357.683167 2605.947510 663.670898
L-CXP-09 1.000000 2473.932129 1003.788696 2902.386719 1396.976196
L-CXP-10 0.999996 2108.317139 2075.681396 2574.241943 2567.845947
L-CXP-11 1.000000 731.638550 683.854004 1102.296387 1050.217773
L-CXP-12 0.999999 1316.898438 139.258331 1715.011719 540.009277
L-CXP-13 1.000000 887.204407 1288.386475 1297.659424 1680.601562
L-CXP-14 1.000000 1296.899658 2175.713135 1720.640625 2607.874756
L-CXP-15 0.999996 201.844330 885.751465 637.213623 1291.926514
L-CXP-16 1.000000 138.856873 576.540955 571.386414 1004.993713
L-CXP-19 0.999988 1905.802368 127.137039 2370.346191 601.640991
L-CXP-20 0.999765 223.991211 2066.827637 676.323059 2573.707031
L-CXP-21 0.999451 1398.651001 77.876740 1925.455688 603.767578
L-CYQ-08 0.999994 2540.382812 425.182617 2980.129883 875.583130
L-CYQ-09 0.999999 2607.941895 989.037231 3176.130859 1520.616333
L-CYQ-10 0.999913 1837.623535 1890.177734 2380.592285 2481.858887
L-CYQ-11 0.999982 671.325867 837.196899 1240.273926 1319.456421
L-CYQ-12 0.999999 1469.415039 115.240067 2023.119873 625.332092
L-CYQ-13 1.000000 875.540283 1465.322754 1406.101562 2004.681885
L-CYQ-14 0.999952 1291.098999 2819.334229 1900.784790 3418.483154
L-CYQ-15 0.999998 192.193359 1159.417236 762.978271 1680.410889
L-CYQ-16 0.999990 121.464752 1212.661011 610.939331 1657.843628
L-CYQ-19 1.000000 2241.009766 155.750259 2773.122070 652.201965
L-CYQ-20 0.999997 239.656525 2274.068604 744.127197 2801.378174
L-CYQ-21 0.999720 1474.249756 64.427353 1996.464355 559.916199
L-FMZ-06 1.000000 699.315491 743.230652 1033.238525 1090.555176
L-FMZ-07 0.999994 1103.508789 2043.497803 1431.505371 2342.710693
L-FMZ-08 1.000000 1963.510376 408.909424 2315.306396 769.046387
L-FMZ-09 0.999998 1916.544678 916.783386 2282.529053 1289.131226
L-FMZ-10 0.999971 1793.494873 1509.856323 2107.992920 1801.194946
L-FMZ-11 1.000000 175.008728 1672.701538 489.365234 1985.178101
L-FMZ-12 0.071999 1232.806641 708.401978 1649.834229 943.895630
L-FMZ-12 0.995813 1091.056641 107.909912 1390.849365 405.293365
L-FMZ-13 1.000000 639.973145 763.275940 924.051392 1043.553345
L-FMZ-14 0.999946 1892.519897 1054.876831 2212.190430 1363.856323
L-FMZ-15 0.999996 103.863449 613.422913 412.183533 910.476379
L-FMZ-16 0.999902 83.616379 766.897644 389.126343 1112.193604
L-FMZ-19 0.999976 1877.697144 50.106415 2252.211670 404.204559
L-FMZ-20 0.999999 237.233856 1518.246704 581.341187 1901.130005
L-FMZ-21 0.999839 1041.279785 46.766663 1523.839600 511.159119
L-GJJ-01 0.009628 1739.157227 390.402374 1860.890625 466.050140
L-GJJ-08 1.000000 2228.180664 379.240601 2602.428223 721.842285
L-GJJ-09 1.000000 2138.717041 976.488403 2517.030518 1352.383911
L-GJJ-10 1.000000 1716.738281 1628.850830 2140.424805 1995.334229
L-GJJ-11 0.999998 871.569397 748.158508 1211.082275 1061.942139
L-GJJ-12 0.999995 1123.953491 208.901489 1436.598999 532.808594
L-GJJ-12 0.999987 1272.371460 954.569946 1726.243774 1219.285767
L-GJJ-13 1.000000 968.993652 1367.508911 1286.486328 1677.836304
L-GJJ-14 1.000000 1259.893799 2091.040283 1639.634766 2418.468994
L-GJJ-15 0.999999 199.843842 814.492188 572.267334 1137.379395
L-GJJ-16 0.999998 88.165894 820.644165 426.628174 1136.856079
L-GJJ-19 1.000000 1880.823853 112.780029 2226.849121 456.093872
L-GJJ-20 0.999987 176.167633 1936.901001 539.665283 2280.791992
L-GJJ-21 0.998872 1336.918457 69.925369 1721.262451 438.813354
L-GYC-08 0.999986 2615.479980 384.754272 3180.044434 933.433594
L-GYC-09 1.000000 2685.370361 1426.719360 3165.104248 1867.552124
L-GYC-10 0.999996 2137.621094 1950.478149 2626.597656 2426.783203
L-GYC-11 1.000000 860.952881 788.590881 1355.572998 1291.708252
L-GYC-12 1.000000 1446.854858 159.315887 1970.210815 673.179810
L-GYC-13 1.000000 1205.410156 1507.680664 1689.960205 1922.357910
L-GYC-14 0.999992 1274.125366 2261.998291 1800.439575 2701.259521
L-GYC-15 0.999992 131.007782 919.708862 813.681152 1453.481323
L-GYC-16 0.999732 149.944580 964.060425 690.859192 1656.324097
L-GYC-19 0.999965 247.956329 2063.614502 1017.536377 2450.375244
L-GYC-19 0.999908 2225.906006 437.953156 2924.245850 1090.507690
L-GYC-21 0.999996 94.990936 746.842896 686.758057 1367.524048
L-GYC-21 0.999983 961.906006 58.676208 1621.812256 722.605530
L-GZZ-06 0.999999 661.306580 601.704895 950.029358 909.442566
L-GZZ-07 1.000000 848.569153 1832.512817 1173.478760 2144.066895
L-GZZ-08 1.000000 2049.166016 168.153183 2348.054199 479.091675
L-GZZ-09 1.000000 1894.029541 695.433472 2173.017822 978.733643
L-GZZ-10 0.999999 1478.250854 1252.551270 1797.195923 1522.544189
L-GZZ-11 1.000000 70.150284 1882.095825 409.247498 2207.169922
L-GZZ-12 1.000000 937.063721 230.516357 1265.049072 528.550659
L-GZZ-13 1.000000 714.620239 1114.879761 1021.307861 1408.426392
L-GZZ-14 0.999997 1809.406128 1052.630127 2101.123535 1347.233154
L-GZZ-15 0.999998 72.669235 735.234741 494.264771 1122.425537
L-GZZ-16 1.000000 73.209091 545.073853 397.708069 869.270630
L-GZZ-19 0.999999 1274.424561 32.507156 1658.197754 413.990601
L-GZZ-20 0.999997 198.928406 1886.564697 558.299316 2230.319092
L-GZZ-21 0.999998 938.439331 57.788147 1232.389282 351.280121
L-HPY-08 0.999999 2162.242676 337.130035 2665.868652 811.033325
L-HPY-09 1.000000 2290.647705 881.121094 2791.242920 1373.796631
L-HPY-10 0.999987 2038.147949 1715.231201 2604.287598 2206.082764
L-HPY-11 0.999795 768.889465 810.680176 1434.349121 1403.233887
L-HPY-12 0.999989 1119.223633 315.412750 1631.873047 829.354736
L-HPY-13 1.000000 882.303345 1357.814819 1377.963257 1834.514282
L-HPY-14 0.998851 1219.753906 1854.902466 1718.592041 2315.002197
L-HPY-15 0.999997 106.233368 970.520081 699.861084 1543.438232
L-HPY-16 0.999995 146.878723 1018.271729 637.492310 1541.309814
L-HPY-19 0.999943 1885.947510 53.643204 2345.300049 555.397949
L-HPY-20 0.999936 247.551208 2314.469482 774.083496 2825.336182
L-HPY-21 0.999562 1202.751953 72.694977 1716.758789 603.838501
L-HX-08 1.000000 2468.718750 409.901184 2933.955566 833.591736
L-HX-09 0.999999 2154.962402 990.918945 2599.878418 1394.067383
L-HX-10 0.999994 1780.458862 1722.266113 2198.103271 2100.962402
L-HX-11 0.999999 855.039185 588.805420 1224.171997 925.576904
L-HX-12 0.999999 1195.501099 258.760986 1478.676880 567.581421
L-HX-13 1.000000 857.638245 832.319336 1258.051514 1178.567993
L-HX-14 1.000000 1179.193237 1606.921143 1581.332397 1989.024902
L-HX-15 1.000000 174.117081 670.226501 580.368164 1040.670532
L-HX-16 1.000000 68.196350 734.820557 462.080078 1073.601196
L-HX-19 1.000000 1726.318115 163.161316 2132.485107 558.677795
L-HX-20 0.999993 226.890854 1850.581543 720.850464 2280.269531
L-HX-21 1.000000 1061.802368 66.785690 1429.738159 406.883362
L-LBS-06 0.999935 657.979309 736.369507 1085.010742 1192.465332
L-LBS-07 1.000000 690.432373 2234.973389 1099.652466 2628.760498
L-LBS-08 1.000000 1959.897461 244.563736 2302.538086 628.897461
L-LBS-09 0.999986 1709.233032 841.582703 2164.708252 1289.252075
L-LBS-10 0.999999 1336.679199 1545.171631 1641.574219 1865.612793
L-LBS-11 0.999961 108.647476 1545.635986 585.128845 1991.426514
L-LBS-12 0.999995 1039.799927 181.289001 1445.658813 551.805237
L-LBS-13 0.999999 755.554810 888.871338 1103.725098 1213.573730
L-LBS-14 1.000000 1799.871216 1074.654297 2113.965088 1364.348145
L-LBS-15 0.999999 169.295166 800.748840 586.185669 1202.844604
L-LBS-16 0.999999 127.322769 969.777100 522.889587 1402.972168
L-LBS-19 0.999946 1550.140747 162.250885 1897.500610 531.739990
L-LBS-20 0.999966 141.790298 1665.735840 580.758301 2171.817871
L-LBS-21 0.999963 848.560913 39.153030 1342.300415 520.326111
L-LOW-07 0.010262 771.515015 1899.499268 1309.265747 2262.698486
L-LOW-07 0.999999 80.706360 1962.723633 614.886658 2323.896973
L-LOW-08 0.999987 2493.839355 153.864883 2974.969238 593.761841
L-LOW-09 1.000000 2428.698730 777.892395 2954.523438 1241.237061
L-LOW-10 0.999993 1853.063843 1812.108521 2334.113281 2301.856201
L-LOW-11 0.999998 746.066956 729.911011 1223.285278 1238.694214
L-LOW-12 0.999996 1365.786621 228.734894 1832.436768 699.219238
L-LOW-13 0.999999 818.214478 1043.317261 1211.666992 1444.433960
L-LOW-14 0.999838 952.413696 2186.638428 1503.865845 2782.115479
L-LOW-15 0.999999 121.574509 844.682922 585.989502 1288.252930
L-LOW-16 0.999999 75.842422 836.720215 566.142883 1267.136230
L-LOW-19 1.000000 2173.375000 216.364044 2712.421387 708.917847
L-LOW-20 0.999964 219.922363 2047.066895 724.955139 2593.452637
L-LOW-21 0.999975 1185.423584 70.518341 1671.385986 521.031372
L-LYC-08 1.000000 2340.267578 241.369568 2787.507324 642.825806
L-LYC-09 1.000000 2287.993652 740.930908 2683.942871 1104.017700
L-LYC-10 1.000000 1874.324585 1887.205200 2300.345215 2284.043945
L-LYC-11 0.999998 843.503296 863.289429 1269.533325 1257.667358
L-LYC-12 1.000000 1305.331543 204.583694 1724.005371 606.021240
L-LYC-13 1.000000 858.059692 1314.525635 1282.148560 1706.292969
L-LYC-14 0.999984 1218.478027 1890.349121 1705.936523 2380.678711
L-LYC-15 0.999982 194.610840 1043.826294 716.476868 1549.024536
L-LYC-16 1.000000 100.050552 936.115112 542.416138 1444.522339
L-LYC-19 1.000000 2394.762207 78.586334 2880.792480 601.248413
L-LYC-20 0.999999 168.695206 1925.521484 614.561340 2413.934570
L-LYC-21 0.999998 1324.369507 93.913528 1794.936157 586.018372
L-LYL-02 0.042846 42.006409 1913.006226 699.205261 2401.795654
L-LYL-06 0.006218 1142.060913 991.864258 1701.336304 1290.690186
L-LYL-08 1.000000 2724.005127 310.389923 3157.872803 730.875122
L-LYL-09 1.000000 2451.240234 725.577515 2906.825684 1174.987183
L-LYL-10 1.000000 2070.087402 2032.705444 2549.377441 2464.562012
L-LYL-11 0.999961 920.056702 1070.192749 1384.985718 1486.079468
L-LYL-12 1.000000 1321.844971 59.925751 1798.733154 516.768188
L-LYL-13 1.000000 815.040283 1668.248657 1352.716064 2155.399658
L-LYL-14 0.999948 1366.266846 2695.421143 1920.735840 3155.966064
L-LYL-14 0.999997 2488.471191 619.454468 3055.444336 1158.022339
L-LYL-15 0.999998 129.375793 999.595276 568.293701 1373.788330
L-LYL-16 0.999998 45.326096 1547.824951 542.408630 2022.166992
L-LYL-19 0.999992 2238.042969 56.816315 2910.877930 638.886719
L-LYL-20 0.999999 188.194733 2201.125000 741.558960 2782.070312
L-LYL-21 0.999988 1375.584839 66.077576 1963.515259 609.415161
L-MJN-08 1.000000 2190.871338 417.179443 2719.370850 881.235352
L-MJN-09 0.999994 2078.280762 1046.825439 2625.251465 1501.161377
L-MJN-10 0.999999 1658.705811 2198.343994 2204.229736 2658.626709
L-MJN-11 0.999998 822.216858 651.050903 1371.067139 1128.417236
L-MJN-12 0.999190 1060.707764 184.338745 1591.365723 698.155273
L-MJN-13 0.999996 997.928101 1280.833618 1573.893433 1753.130005
L-MJN-14 0.999999 1211.541504 2741.123779 1758.461182 3244.516357
L-MJN-15 0.999994 91.868607 1090.064819 600.568481 1583.502808
L-MJN-16 0.999668 86.880310 1091.535645 601.635193 1595.136475
L-MJN-18 0.005689 58.257111 71.956085 750.752319 455.775970
L-MJN-19 0.999882 1965.160889 15.936661 2481.356689 500.559692
L-MJN-20 0.999997 98.835236 2474.313965 649.241333 2942.158691
L-MJN-21 0.999998 1183.559937 59.834976 1676.721558 506.197021
L-MXR-08 1.000000 2335.361084 311.887756 2781.926025 747.815613
L-MXR-09 1.000000 2497.135498 1045.510620 2913.405518 1428.154419
L-MXR-10 1.000000 1665.580933 1809.184937 2128.517578 2293.121338
L-MXR-11 0.999996 784.482971 811.182251 1188.276733 1290.135376
L-MXR-12 1.000000 1492.155151 227.141373 1966.223267 712.952637
L-MXR-13 0.999999 914.802307 1011.674561 1380.098267 1523.964355
L-MXR-14 0.999954 1338.300171 2377.516846 1963.620483 3014.274170
L-MXR-15 0.999988 133.254578 941.700073 691.417603 1431.458618
L-MXR-16 0.999905 107.444977 684.993408 585.015747 1134.781128
L-MXR-19 0.999772 1883.289062 121.972534 2348.967773 610.757507
L-MXR-20 0.999980 278.363342 2090.938477 770.343445 2598.413086
L-MXR-21 0.999851 1363.610352 76.432526 1924.105713 629.640503
L-MYC-08 1.000000 2247.591309 314.805176 2609.328613 664.055298
L-MYC-09 1.000000 2215.892090 847.857605 2586.593750 1230.795410
L-MYC-10 0.999999 1602.598633 2154.295654 1996.969482 2548.519287
L-MYC-11 1.000000 787.570801 750.342651 1128.492798 1075.842651
L-MYC-12 0.999994 978.141296 106.356888 1368.285400 495.352417
L-MYC-13 1.000000 712.353699 1290.839966 1086.006470 1677.376099
L-MYC-14 1.000000 1019.147095 2171.822266 1371.040405 2510.958008
L-MYC-15 0.999989 158.707947 687.420654 567.408569 1098.153687
L-MYC-16 1.000000 102.856628 801.681091 573.501404 1248.972656
L-MYC-17 0.015991 1431.854126 1770.759888 1920.370239 2049.334961
L-MYC-19 0.999999 1624.548584 163.401093 1994.550781 578.255371
L-MYC-20 0.999999 140.530991 2010.390381 516.522034 2383.467041
L-MYC-21 0.999998 1087.535767 101.044205 1504.215942 514.238037
L-RYP-08 0.999997 2653.390869 427.540863 3171.215088 976.200684
L-RYP-09 0.999977 2446.910156 1524.060547 3024.119629 2097.609863
L-RYP-10 0.999996 1957.203247 3344.986084 2555.648193 4036.047119
L-RYP-11 0.999999 1016.302002 1184.738770 1623.802979 1814.228027
L-RYP-12 0.999750 1443.813232 234.067627 2144.190430 994.993286
L-RYP-13 0.999954 940.180176 1649.546265 1539.180664 2296.911621
L-RYP-14 0.999999 1302.742432 3254.032715 1928.736572 3894.468750
L-RYP-15 0.999929 245.861847 1250.131348 838.150879 1827.761475
L-RYP-16 0.999974 62.594086 1456.163818 638.892456 2089.970215
L-RYP-19 0.999985 2287.049805 56.640747 3027.729492 717.265198
L-RYP-20 0.999935 281.593689 2999.044922 918.056458 3698.359863
L-RYP-21 0.999997 1271.792358 73.456757 1989.243774 704.026733
L-WJY-08 1.000000 3889.430908 286.233856 4804.107910 1191.333740
L-WJY-09 1.000000 3775.524658 1589.253540 4573.510742 2355.714600
L-WJY-10 0.999999 3170.103760 2685.631348 3953.140869 3395.109863
L-WJY-11 0.999998 1310.836060 970.063171 1973.211792 1654.031006
L-WJY-12 0.999999 1559.245850 182.063446 2137.108887 750.179443
L-WJY-13 1.000000 1333.093994 1963.142334 1949.650391 2584.101807
L-WJY-14 0.999856 1708.502686 3213.950928 2532.691162 3977.243896
L-WJY-15 0.999997 198.855377 1148.287231 779.148926 1664.275024
L-WJY-16 0.999999 144.134125 1454.019653 746.258423 2023.107544
L-WJY-19 0.999999 3012.219238 108.847748 3646.260254 763.767700
L-WJY-20 1.000000 371.596436 2685.806152 1022.984863 3300.307617
L-WJY-21 0.999973 2146.970215 103.358093 2896.591797 803.453735
L-WXL-08 0.999999 2452.957764 386.441406 2851.039795 790.147949
L-WXL-10 0.999999 1931.657471 1801.812744 2368.233154 2190.392334
L-WXL-11 0.999999 891.910339 687.034363 1287.056641 1049.570801
L-WXL-12 1.000000 1584.573486 397.037781 2055.039062 850.069641
L-WXL-13 1.000000 908.588745 1380.356812 1302.809204 1727.506470
L-WXL-14 1.000000 1218.224854 2254.552734 1729.868164 2658.415527
L-WXL-15 0.999969 212.582062 1089.416260 803.035889 1627.080566
L-WXL-16 0.999995 29.145691 1375.085083 576.128540 1823.986938
L-WXL-19 0.999824 1683.880859 64.330353 2297.326904 619.283325
L-WXL-20 1.000000 207.411835 2520.796143 709.797241 2958.614502
L-WXL-21 1.000000 1363.479736 63.599487 1865.514893 502.601501
L-WZ-08 1.000000 3185.264404 415.971252 3658.112061 846.287781
L-WZ-09 1.000000 3201.556641 1237.775146 3771.548828 1752.370117
L-WZ-10 1.000000 2303.129639 2414.483643 2954.420654 2974.209229
L-WZ-11 1.000000 911.725769 862.098816 1394.207031 1378.990234
L-WZ-12 1.000000 1691.534180 149.872253 2232.974609 720.255798
L-WZ-13 1.000000 1230.191895 1304.124512 1777.134277 1838.095703
L-WZ-14 1.000000 1156.418213 2489.686768 1704.984619 3006.936768
L-WZ-15 0.999810 159.133392 857.296753 809.798828 1459.179565
L-WZ-16 0.999999 125.938202 1174.255005 668.449219 1682.586304
L-WZ-19 0.999994 2122.939697 72.969086 2651.846924 591.646606
L-WZ-20 0.999996 513.038574 2734.396484 1160.604858 3388.084961
L-WZ-21 0.999998 1795.445068 65.017670 2427.335693 658.138184
L-WZ1-08 1.000000 2397.454834 311.036316 2776.950928 690.217834
L-WZ1-09 0.999999 1996.231689 897.422058 2320.536865 1242.168335
L-WZ1-10 0.999997 1673.280151 1562.929565 2052.291260 1947.446411
L-WZ1-11 0.999992 547.239746 626.958679 895.691284 971.898987
L-WZ1-12 0.999995 1058.696533 255.700256 1420.431396 647.801025
L-WZ1-13 1.000000 760.299316 883.298950 1143.371460 1266.934937
L-WZ1-14 1.000000 1084.339355 1406.667603 1465.991943 1778.053833
L-WZ1-15 1.000000 134.822174 887.912964 477.967438 1225.724243
L-WZ1-16 0.999996 81.691689 937.190247 335.722534 1227.662231
L-WZ1-19 1.000000 1509.930786 169.867935 1921.903931 601.472839
L-WZ1-20 0.999999 224.561478 1579.940430 628.263794 2017.832764
L-WZ1-21 0.999999 1083.538818 33.496414 1517.002441 422.441162
L-XTQ-08 0.999997 2429.680420 177.447861 2902.564697 640.765747
L-XTQ-09 0.999983 2379.374268 920.799500 2834.602783 1366.735474
L-XTQ-10 0.999999 2008.574341 1625.035645 2456.007568 2138.330566
L-XTQ-11 0.999996 821.281433 607.306030 1204.777100 1015.216431
L-XTQ-12 1.000000 1224.424072 130.157990 1653.905762 593.253540
L-XTQ-13 1.000000 770.232361 1186.891357 1170.171509 1600.975830
L-XTQ-14 0.999994 987.500366 2118.944824 1419.559204 2638.989746
L-XTQ-14 0.999999 2011.663818 474.108276 2413.685303 910.505371
L-XTQ-15 0.999999 135.122620 873.575806 522.186401 1264.739380
L-XTQ-16 1.000000 186.335754 838.251160 608.984436 1294.480713
L-XTQ-19 0.999994 1941.756958 57.655914 2432.430176 547.099976
L-XTQ-20 1.000000 131.113647 1803.684570 496.943481 2257.901123
L-XTQ-21 0.999994 1196.848145 96.452133 1665.642822 560.405090
L-ZJY-08 0.999845 2506.567383 219.913452 3023.433594 774.159546
L-ZJY-09 0.999996 2452.912109 1075.597046 3140.806152 1697.451782
L-ZJY-09 0.011707 240.562592 96.592346 1046.313354 530.965576
L-ZJY-10 1.000000 1896.834595 1494.734741 2313.094238 1888.855835
L-ZJY-11 0.999999 811.182007 744.243530 1177.537231 1103.025757
L-ZJY-12 0.999999 1018.909424 117.078369 1358.884521 469.538818
L-ZJY-13 1.000000 707.362305 1090.412842 1131.288330 1528.834229
L-ZJY-14 0.999932 1381.493530 2323.563232 1872.776489 2884.094971
L-ZJY-15 0.999999 212.670547 937.743713 653.637451 1361.134766
L-ZJY-16 1.000000 88.870331 585.592529 503.254120 1018.314697
L-ZJY-16 0.075824 220.343384 2013.140015 933.151489 2437.536621
L-ZJY-19 0.999999 2050.647217 63.607910 2503.432861 500.749573
L-ZJY-20 0.999259 224.542755 2242.715576 721.762329 2805.561279
L-ZJY-21 0.999999 1351.021729 105.191422 1829.277588 589.615173
L-ZLS-06 1.000000 648.067627 770.068542 1036.413330 1164.022339
L-ZLS-07 0.999978 1029.924927 2036.686035 1489.771362 2468.278809
L-ZLS-08 0.999999 2022.049072 349.470764 2379.641357 674.747437
L-ZLS-09 0.999997 1772.535400 951.165161 2093.885010 1261.583618
L-ZLS-10 0.999999 1428.993042 1498.965210 1775.615601 1864.419312
L-ZLS-11 1.000000 102.187592 2039.864624 447.175629 2385.865479
L-ZLS-12 1.000000 795.676575 124.916351 1147.590332 476.424774
L-ZLS-13 1.000000 686.622803 1025.492188 1032.935425 1384.415283
L-ZLS-13 0.006361 1033.886719 1553.055420 1538.038818 1915.048340
L-ZLS-14 0.999999 1651.262939 1061.375244 1972.674316 1375.263428
L-ZLS-15 0.999998 147.953568 843.354004 500.469055 1221.229248
L-ZLS-16 1.000000 73.187958 888.376343 406.216583 1267.002563
L-ZLS-19 1.000000 1628.054443 156.925323 2013.646973 523.517090
L-ZLS-20 1.000000 192.519806 1623.775024 559.512695 1990.227173
L-ZLS-21 0.999997 2005.939087 102.668671 2723.024902 813.057617
L-ZRY-08 0.999976 2467.857178 288.947357 2993.536865 830.227661
L-ZRY-09 0.999881 2342.856934 888.051636 2922.799316 1454.751831
L-ZRY-10 1.000000 2280.534912 1581.201904 2791.961670 2097.943604
L-ZRY-11 0.999607 740.473999 744.415222 1241.666748 1240.001831
L-ZRY-12 0.999645 1062.725098 105.427795 1625.771729 637.653503
L-ZRY-13 0.999987 883.887939 1326.320679 1410.478271 1839.018188
L-ZRY-14 0.999964 1219.093384 2040.312866 1770.057251 2610.338623
L-ZRY-15 0.999962 234.761124 856.007080 711.189697 1324.119141
L-ZRY-16 0.999851 90.222351 1002.267578 527.945007 1515.416748
L-ZRY-19 0.999999 2009.604492 144.105682 2552.680176 700.336548
L-ZRY-20 0.999989 107.960815 2108.052734 552.546631 2592.466309
L-ZRY-21 0.999366 1226.772827 73.085220 1673.308228 550.476196
L-ZTQ-08 0.009643 1648.557373 3052.547852 2415.324951 3793.601562
L-ZTQ-08 0.999989 2393.570068 330.953735 3083.002197 974.886353
L-ZTQ-09 1.000000 2351.893066 1361.364868 2809.960938 1813.817505
L-ZTQ-10 1.000000 1840.365967 2241.730957 2352.133057 2780.544434
L-ZTQ-11 0.998405 724.701599 815.805420 1258.967773 1375.639893
L-ZTQ-12 1.000000 1208.473022 195.669113 1710.185669 662.454590
L-ZTQ-13 1.000000 839.926086 1388.965698 1263.494629 1803.906860
L-ZTQ-14 0.999731 1088.522461 2379.558594 1676.173828 2951.374023
L-ZTQ-15 1.000000 197.963501 828.206665 690.865356 1291.859253
L-ZTQ-16 1.000000 73.651688 1044.639771 553.701050 1531.110718
L-ZTQ-19 0.008539 298.316345 1744.850952 1097.641602 2149.100098
L-ZTQ-19 0.999998 2081.917969 73.888123 2588.581543 639.039978
L-ZTQ-20 0.999998 186.745392 2199.086670 670.869751 2717.060791
L-ZTQ-21 0.999998 1161.054932 61.840073 1682.260010 525.825256
L-ZYL-04 0.007142 1121.918335 85.976868 1679.653442 425.912018
L-ZYL-08 1.000000 3274.131348 565.303772 3811.221191 1106.635254
L-ZYL-09 1.000000 3242.929443 1198.582275 3766.039795 1685.988281
L-ZYL-10 1.000000 2266.420898 2029.748413 2838.998535 2549.432617
L-ZYL-11 0.999998 1049.130981 846.243652 1608.076782 1320.167725
L-ZYL-12 0.999996 1805.587524 330.699463 2343.270508 794.489502
L-ZYL-13 1.000000 1317.642822 1479.578735 1858.791504 1972.261353
L-ZYL-14 0.999910 1496.406982 2025.805054 2047.525391 2494.722900
L-ZYL-15 0.999994 115.415924 826.118835 643.899292 1269.037964
L-ZYL-16 0.999999 81.757370 1320.876831 590.954041 1817.265991
L-ZYL-19 0.999982 2116.244629 81.748886 2646.891602 551.591370
L-ZYL-20 0.999997 202.777252 2210.977539 778.836548 2667.475098
L-ZYL-21 1.000000 1295.560181 65.817490 1834.923218 504.408447
L-ZYR-08 0.999998 3241.391113 297.512787 3869.000000 870.742554
L-ZYR-09 1.000000 3399.359375 1013.528748 3976.114258 1578.506104
L-ZYR-10 0.999998 2353.561035 1925.762817 3011.276855 2506.508789
L-ZYR-11 1.000000 1034.313232 784.160400 1609.446533 1315.417236
L-ZYR-12 0.999996 1713.607910 73.909851 2322.996094 620.966370
L-ZYR-13 1.000000 1158.119385 1334.595337 1756.084961 1928.499878
L-ZYR-14 0.999913 1290.728149 2248.547852 1931.613892 2797.824219
L-ZYR-15 0.999953 33.390961 1002.533875 728.841675 1635.732178
L-ZYR-16 0.999999 7.121246 1004.642334 656.720459 1573.903564
L-ZYR-19 0.999998 2296.379639 12.313538 2987.198975 677.147766
L-ZYR-20 1.000000 116.067535 2455.366699 708.463501 3028.938965
L-ZYR-21 0.999998 1402.029175 77.448792 2003.717163 640.424316
L-ZZY-05 0.042453 78.592957 611.137878 621.245239 983.301575
L-ZZY-06 1.000000 446.895477 525.443604 748.642212 806.445557
L-ZZY-07 1.000000 868.729736 1521.295898 1114.195557 1775.811035
L-ZZY-08 0.999999 1646.041504 282.511963 1971.488037 560.095032
L-ZZY-09 1.000000 1597.450562 674.117676 1848.904663 909.244019
L-ZZY-10 0.999996 1249.661011 835.241089 1504.970825 1072.271851
L-ZZY-11 0.998733 59.119202 1285.394043 372.562958 1573.104492
L-ZZY-12 1.000000 894.777161 162.573044 1176.418213 448.006104
L-ZZY-13 0.999999 640.465393 776.740479 878.522034 1017.934082
L-ZZY-14 0.999984 1274.569702 632.603882 1541.338257 898.114014
L-ZZY-15 0.999994 100.171783 632.645386 346.697266 879.709717
L-ZZY-16 0.999992 57.215912 576.409485 358.142822 872.379456
L-ZZY-17 0.007744 1551.773926 712.387695 2012.444824 1013.326660
L-ZZY-19 0.999993 999.602661 49.141006 1305.122681 343.309082
L-ZZY-20 0.999999 225.424774 1022.322693 450.265900 1230.763550
L-ZZY-21 0.999999 663.692627 57.652344 938.328125 340.557739
L-ZZY1-01 0.006830 406.738373 651.669739 969.506470 1090.684204
L-ZZY1-02 0.013059 400.236145 638.702820 873.540344 949.869446
L-ZZY1-06 1.000000 524.105957 680.561646 838.118774 1042.621094
L-ZZY1-07 0.009998 33.986267 1679.183716 698.328064 2005.794312
L-ZZY1-07 0.999997 833.554077 1724.313354 1201.898438 2067.753174
L-ZZY1-08 0.999999 1878.537598 231.336105 2135.228516 529.492249
L-ZZY1-09 1.000000 1762.588867 947.019165 2017.493408 1187.213989
L-ZZY1-10 0.999995 1471.302856 1778.068115 1757.945923 2098.113770
L-ZZY1-11 1.000000 58.894897 2126.972412 421.861084 2512.902588
L-ZZY1-12 0.999364 1155.315918 183.754120 1487.250732 552.792847
L-ZZY1-13 1.000000 689.433472 1076.605225 975.118530 1384.719238
L-ZZY1-14 1.000000 1928.028687 963.543457 2222.904053 1253.948730
L-ZZY1-15 0.999912 136.849655 816.869141 483.949463 1166.151001
L-ZZY1-16 0.999999 59.790436 694.442688 378.865082 1036.388062
L-ZZY1-18 0.996283 420.025208 1547.230347 815.886414 1849.089233
L-ZZY1-19 0.999991 1321.479492 212.079147 1672.838623 551.662903
L-ZZY1-20 1.000000 99.650391 1778.114258 384.185608 2061.040527
L-ZZY1-21 0.999866 965.046692 58.011368 1293.771606 417.572388
